1 1 1 1 1 1 
------------------
0 1 15 15
1 2 15 15
2 3 10 15
F
1 1 1 1 1 2 
------------------
0 1 15 15
1 2 15 15
2 3 10 15
F
1 1 1 1 2 1 
------------------
0 1 15 15
1 2 15 15
2 3 10 15
2 4 15 15
F
1 1 1 1 2 2 
------------------
0 1 15 15
1 2 15 15
2 3 10 15
2 4 15 15
2 5 15 15
OK
1 1 1 2 1 1 
------------------
0 1 15 15
1 2 15 15
2 3 15 15
F
1 1 1 2 1 2 
------------------
0 1 15 15
1 2 15 15
2 3 15 15
F
1 1 1 2 2 1 
------------------
0 1 15 15
1 2 15 15
2 3 15 15
2 4 15 15
F
1 1 1 2 2 2 
------------------
0 1 15 15
1 2 15 15
2 3 15 15
2 4 15 15
2 5 15 15
OK
1 1 2 1 1 1 
------------------
0 1 15 15
1 2 15 15
2 3 10 15
2 4 20 15
2 5 30 15
OK
1 1 2 1 1 2 
------------------
0 1 15 15
1 2 15 15
2 3 10 15
2 4 20 15
2 5 15 15
OK
1 1 2 1 2 1 
------------------
0 1 15 15
1 2 15 15
2 3 10 15
2 4 15 15
2 5 30 15
OK
1 1 2 1 2 2 
------------------
0 1 15 15
1 2 15 15
2 3 10 15
2 4 15 15
2 5 15 15
OK
1 1 2 2 1 1 
------------------
0 1 15 15
1 2 15 15
2 3 15 15
2 4 20 15
2 5 30 15
OK
1 1 2 2 1 2 
------------------
0 1 15 15
1 2 15 15
2 3 15 15
2 4 20 15
2 5 15 15
OK
1 1 2 2 2 1 
------------------
0 1 15 15
1 2 15 15
2 3 15 15
2 4 15 15
2 5 30 15
OK
1 1 2 2 2 2 
------------------
0 1 15 15
1 2 15 15
2 3 15 15
2 4 15 15
2 5 15 15
OK
1 2 1 1 1 1 
------------------
0 1 15 15
1 2 15 15
2 3 10 15
F
1 2 1 1 1 2 
------------------
0 1 15 15
1 2 15 15
2 3 10 15
F
1 2 1 1 2 1 
------------------
0 1 15 15
1 2 15 15
2 3 10 15
2 4 15 15
F
1 2 1 1 2 2 
------------------
0 1 15 15
1 2 15 15
2 3 10 15
2 4 15 15
2 5 15 15
OK
1 2 1 2 1 1 
------------------
0 1 15 15
1 2 15 15
2 3 15 15
F
1 2 1 2 1 2 
------------------
0 1 15 15
1 2 15 15
2 3 15 15
F
1 2 1 2 2 1 
------------------
0 1 15 15
1 2 15 15
2 3 15 15
2 4 15 15
F
1 2 1 2 2 2 
------------------
0 1 15 15
1 2 15 15
2 3 15 15
2 4 15 15
2 5 15 15
OK
1 2 2 1 1 1 
------------------
0 1 15 15
1 2 15 15
2 3 10 15
2 4 20 15
2 5 30 15
OK
1 2 2 1 1 2 
------------------
0 1 15 15
1 2 15 15
2 3 10 15
2 4 20 15
2 5 15 15
OK
1 2 2 1 2 1 
------------------
0 1 15 15
1 2 15 15
2 3 10 15
2 4 15 15
2 5 30 15
OK
1 2 2 1 2 2 
------------------
0 1 15 15
1 2 15 15
2 3 10 15
2 4 15 15
2 5 15 15
OK
1 2 2 2 1 1 
------------------
0 1 15 15
1 2 15 15
2 3 15 15
2 4 20 15
2 5 30 15
OK
1 2 2 2 1 2 
------------------
0 1 15 15
1 2 15 15
2 3 15 15
2 4 20 15
2 5 15 15
OK
1 2 2 2 2 1 
------------------
0 1 15 15
1 2 15 15
2 3 15 15
2 4 15 15
2 5 30 15
OK
1 2 2 2 2 2 
------------------
0 1 15 15
1 2 15 15
2 3 15 15
2 4 15 15
2 5 15 15
OK
2 1 1 1 1 1 
------------------
0 1 15 15
1 2 15 15
2 3 10 15
F
2 1 1 1 1 2 
------------------
0 1 15 15
1 2 15 15
2 3 10 15
F
2 1 1 1 2 1 
------------------
0 1 15 15
1 2 15 15
2 3 10 15
2 4 15 15
F
2 1 1 1 2 2 
------------------
0 1 15 15
1 2 15 15
2 3 10 15
2 4 15 15
2 5 15 15
OK
2 1 1 2 1 1 
------------------
0 1 15 15
1 2 15 15
2 3 15 15
F
2 1 1 2 1 2 
------------------
0 1 15 15
1 2 15 15
2 3 15 15
F
2 1 1 2 2 1 
------------------
0 1 15 15
1 2 15 15
2 3 15 15
2 4 15 15
F
2 1 1 2 2 2 
------------------
0 1 15 15
1 2 15 15
2 3 15 15
2 4 15 15
2 5 15 15
OK
2 1 2 1 1 1 
------------------
0 1 15 15
1 2 15 15
2 3 10 15
2 4 20 15
2 5 30 15
OK
2 1 2 1 1 2 
------------------
0 1 15 15
1 2 15 15
2 3 10 15
2 4 20 15
2 5 15 15
OK
2 1 2 1 2 1 
------------------
0 1 15 15
1 2 15 15
2 3 10 15
2 4 15 15
2 5 30 15
OK
2 1 2 1 2 2 
------------------
0 1 15 15
1 2 15 15
2 3 10 15
2 4 15 15
2 5 15 15
OK
2 1 2 2 1 1 
------------------
0 1 15 15
1 2 15 15
2 3 15 15
2 4 20 15
2 5 30 15
OK
2 1 2 2 1 2 
------------------
0 1 15 15
1 2 15 15
2 3 15 15
2 4 20 15
2 5 15 15
OK
2 1 2 2 2 1 
------------------
0 1 15 15
1 2 15 15
2 3 15 15
2 4 15 15
2 5 30 15
OK
2 1 2 2 2 2 
------------------
0 1 15 15
1 2 15 15
2 3 15 15
2 4 15 15
2 5 15 15
OK
2 2 1 1 1 1 
------------------
0 1 15 15
1 2 15 15
2 3 10 15
F
2 2 1 1 1 2 
------------------
0 1 15 15
1 2 15 15
2 3 10 15
F
2 2 1 1 2 1 
------------------
0 1 15 15
1 2 15 15
2 3 10 15
2 4 15 15
F
2 2 1 1 2 2 
------------------
0 1 15 15
1 2 15 15
2 3 10 15
2 4 15 15
2 5 15 15
OK
2 2 1 2 1 1 
------------------
0 1 15 15
1 2 15 15
2 3 15 15
F
2 2 1 2 1 2 
------------------
0 1 15 15
1 2 15 15
2 3 15 15
F
2 2 1 2 2 1 
------------------
0 1 15 15
1 2 15 15
2 3 15 15
2 4 15 15
F
2 2 1 2 2 2 
------------------
0 1 15 15
1 2 15 15
2 3 15 15
2 4 15 15
2 5 15 15
OK
2 2 2 1 1 1 
------------------
0 1 15 15
1 2 15 15
2 3 10 15
2 4 20 15
2 5 30 15
OK
2 2 2 1 1 2 
------------------
0 1 15 15
1 2 15 15
2 3 10 15
2 4 20 15
2 5 15 15
OK
2 2 2 1 2 1 
------------------
0 1 15 15
1 2 15 15
2 3 10 15
2 4 15 15
2 5 30 15
OK
2 2 2 1 2 2 
------------------
0 1 15 15
1 2 15 15
2 3 10 15
2 4 15 15
2 5 15 15
OK
2 2 2 2 1 1 
------------------
0 1 15 15
1 2 15 15
2 3 15 15
2 4 20 15
2 5 30 15
OK
2 2 2 2 1 2 
------------------
0 1 15 15
1 2 15 15
2 3 15 15
2 4 20 15
2 5 15 15
OK
2 2 2 2 2 1 
------------------
0 1 15 15
1 2 15 15
2 3 15 15
2 4 15 15
2 5 30 15
OK
2 2 2 2 2 2 
------------------
0 1 15 15
1 2 15 15
2 3 15 15
2 4 15 15
2 5 15 15
OK
1
Total time : 0.06 s
