31
19
17
22
5
44
2
0
8
30
3
10
15
23
11
26
6
26
0
18
15
23
25
32
16
20
20
39
32
8
28
22
10
2
23
25
0
21
26
28
17
18
16
35
22
21
5
35
11
23
20
8
8
28
5
15
16
41
24
21
9
37
28
5
23
25
21
4
7
32
35
7
19
45
24
5
7
14
5
15
32
25
9
13
14
40
6
1
35
26
9
35
22
3
8
25
0
12
32
21
13
9
23
9
21
25
20
21
8
17
18
21
11
4
18
1
5
10
5
18
8
12
25
15
24
19
15
34
24
5
7
20
21
21
4
23
17
27
26
14
17
0
21
4
20
13
4
5
14
22
20
13
3
8
33
20
0
32
16
35
4
10
17
17
9
26
12
41
9
24
17
14
22
19
13
5
18
15
8
9
31
18
20
17
0
4
38
13
28
17
10
21
25
0
6
31
17
11
3
12
4
8
14
5
17
8
15
11
39
13
21
5
33
8
5
23
14
24
4
15
25
11
45
44
49
46
47
37
16
43
45
2
49
49
47
8
23
27
53
4
55
48
9
19
50
5
6
15
51
7
39
43
34
39
36
39
45
26
45
56
18
8
68
61
57
56
55
23
51
57
19
51
53
52
24
50
50
40
3
52
30
14
57
1
55
49
42
22
19
4
38
56
51
44
36
46
36
11
2
37
41
46
46
0
0
34
39
1
49
42
44
46
47
47
51
49
49
12
47
49
49
4
57
57
60
23
52
23
48
56
51
63
9
48
49
46
50
43
43
47
45
20
8
18
18
51
46
14
47
43
47
48
51
42
58
3
57
53
46
43
9
48
52
53
48
38
44
46
41
46
48
35
18
50
1
44
1
36
44
39
3
14
45
40
37
36
46
45
5
43
42
24
4
45
44
43
48
50
48
39
51
62
47
46
42
45
58
54
56
55
47
51
51
10
51
47
52
51
31
34
51
57
15
58
11
15
34
12
45
44
33
53
58
57
58
54
4
26
45
38
55
55
54
4
38
44
41
53
53
46
47
53
47
5
47
48
44
39
46
36
49
45
44
47
49
44
41
48
35
27
48
31
50
48
51
54
60
5
59
49
43
47
44
50
56
14
7
43
25
15
45
57
55
53
14
51
46
47
48
42
45
47
47
50
55
49
38
41
12
46
52
24
43
29
51
48
15
53
40
51
50
14
42
47
54
40
53
60
50
57
49
55
57
5
51
52
37
52
9
53
54
47
6
51
50
49
9
34
32
39
44
38
18
53
52
48
40
0
5
48
51
46
45
44
48
50
7
28
55
53
56
49
54
26
48
54
53
52
49
53
45
44
55
45
31
29
49
12
52
59
59
60
46
39
49
16
45
46
0
48
44
52
51
50
47
54
48
47
63
62
21
54
50
52
56
63
57
41
41
45
48
47
53
46
49
44
50
26
49
50
8
49
35
47
10
47
40
49
14
48
33
34
36
36
27
51
47
39
45
46
1
43
43
39
44
41
44
45
44
5
47
51
16
18
25
29
