100
Case #1:
27 98 98 51 28 17 50 58 54 33 77 2 44 46 30 97 52 32 37 63
27 2 28 17 30 32 37 33 44 46 50 51 52 58 54 63 77 97 98 98
0
Case #2:
96 84 59 31 11 38 31 44 2 43 39 75 61 74 39 22 78 37 80 65
2 22 11 31 31 37 39 38 39 43 59 44 61 65 78 74 80 75 96 84
1
Case #3:
63 72 21 44 30 38 55 30 35 82 91 52 41 16 60 93 98 40 53 41
21 16 30 30 35 38 41 40 53 41 55 44 60 52 63 72 91 82 98 93
0
Case #4:
24 19 40 39 34 33 43 51 64 34 95 67 90 83 19 10 63 28 34 59
19 10 24 19 34 28 34 33 40 34 43 39 63 51 64 59 90 67 95 83
0
Case #5:
48 19 24 55 78 36 42 49 42 43 76 97 20 57 59 87 38 22 51 33
20 19 24 22 38 33 42 36 42 43 48 49 51 55 59 57 76 87 78 97
0
Case #6:
18 34 3 72 9 56 30 43 9 11 72 28 17 27 9 51 63 99 65 40
3 11 9 27 9 28 9 34 17 40 18 43 30 51 63 56 65 72 72 99
1
Case #7:
35 19 73 16 30 32 5 19 62 63 31 29 88 54 19 59 1 81 7 11
1 11 5 16 7 19 19 19 30 29 31 32 35 54 62 59 73 63 88 81
1
Case #8:
49 69 48 62 97 26 74 12 36 46 96 89 73 43 8 35 11 33 94 80
8 12 11 26 36 33 48 35 49 43 73 46 74 62 94 69 96 80 97 89
1
Case #9:
64 78 38 57 38 62 95 88 43 19 57 14 80 4 15 91 44 39 38 6
15 4 38 6 38 14 38 19 43 39 44 57 57 62 64 78 80 88 95 91
0
Case #10:
18 5 12 28 48 97 68 49 97 9 81 61 98 92 21 36 12 78 96 99
12 5 12 9 18 28 21 36 48 49 68 61 81 78 96 92 97 97 98 99
0
Case #11:
77 2 81 13 80 37 64 66 14 64 9 30 11 24 60 1 20 95 98 14
9 1 11 2 14 13 20 14 60 24 64 30 77 37 80 64 81 66 98 95
0
Case #12:
78 90 63 94 86 0 51 7 7 10 58 76 45 29 3 27 11 12 32 40
3 0 7 7 11 10 32 12 45 27 51 29 58 40 63 76 78 90 86 94
0
Case #13:
27 27 24 75 36 2 97 65 45 54 33 83 20 24 11 28 14 4 57 8
11 2 14 4 20 8 24 24 27 27 33 28 36 54 45 65 57 75 97 83
0
Case #14:
65 17 56 12 54 38 34 40 47 20 91 83 68 65 71 93 62 60 55 87
34 12 47 17 54 20 55 38 56 40 62 60 65 65 68 83 71 87 91 93
0
Case #15:
15 66 66 3 77 21 70 86 1 70 27 6 79 49 75 83 75 35 82 28
1 3 15 6 27 21 66 28 70 35 75 49 75 66 77 70 79 83 82 86
2
Case #16:
18 79 56 42 23 45 33 97 3 75 69 80 51 87 80 82 16 3 91 4
3 3 16 4 18 42 23 45 33 75 51 79 56 80 69 82 80 87 91 97
2
Case #17:
31 3 68 61 26 36 6 71 82 97 9 32 63 55 84 41 9 77 15 62
6 3 9 32 9 36 15 41 26 55 31 61 63 62 68 71 82 77 84 97
0
Case #18:
61 1 19 30 7 12 16 89 16 79 67 63 87 11 17 98 92 66 82 38
7 1 16 11 16 12 17 30 19 38 61 63 67 66 82 79 87 89 92 98
0
Case #19:
78 4 32 20 6 1 70 17 42 67 13 92 50 22 90 43 36 6 74 22
6 1 13 4 32 6 36 17 42 20 50 22 70 22 74 43 78 67 90 92
0
Case #20:
79 49 66 53 19 74 29 0 55 13 74 27 99 72 30 50 87 93 19 17
19 0 19 13 29 17 30 27 55 49 66 50 74 53 79 72 87 74 99 93
0
Case #21:
39 65 14 20 36 4 42 31 27 38 5 8 84 29 27 81 42 4 56 11
5 4 14 4 27 8 27 11 36 20 39 29 42 31 42 38 56 65 84 81
0
Case #22:
2 36 95 55 81 52 1 48 25 23 6 1 10 49 62 37 61 97 74 84
1 1 2 23 6 36 10 37 25 48 61 49 62 52 74 55 81 84 95 97
3
Case #23:
94 41 58 0 27 23 98 24 36 84 36 40 0 14 1 53 24 2 5 33
0 0 1 2 5 14 24 23 27 24 36 33 36 40 58 41 94 53 98 84
6
Case #24:
26 38 84 6 73 75 58 63 91 11 95 72 91 62 68 48 20 54 1 12
1 6 20 11 26 12 58 38 68 48 73 54 84 62 91 63 91 72 95 75
2
Case #25:
13 71 99 53 7 12 19 29 96 80 55 82 77 72 13 47 3 97 62 83
3 12 7 29 13 47 13 53 19 71 55 72 62 80 77 82 96 83 99 97
1
Case #26:
69 68 53 43 65 40 64 95 23 63 97 48 86 53 65 49 90 50 82 3
23 3 53 40 64 43 65 48 65 49 69 50 82 53 86 63 90 68 97 95
0
Case #27:
93 47 27 37 79 43 24 84 79 41 21 72 55 80 35 55 63 90 61 46
21 37 24 41 27 43 35 46 55 47 61 55 63 72 79 80 79 84 93 90
1
Case #28:
12 50 93 16 29 58 79 85 33 32 1 40 84 3 80 37 82 92 89 58
1 3 12 16 29 32 33 37 79 40 80 50 82 58 84 58 89 85 93 92
8
Case #29:
79 1 76 70 57 49 5 46 3 29 36 35 48 95 95 41 55 50 77 15
3 1 5 15 36 29 48 35 55 41 57 46 76 49 77 50 79 70 95 95
0
Case #30:
36 85 25 15 27 15 2 7 19 10 26 48 10 43 58 77 67 26 32 31
2 7 10 10 19 15 25 15 26 26 27 31 32 43 36 48 58 77 67 85
4
Case #31:
28 9 20 88 1 2 55 30 4 60 50 18 15 87 77 84 55 89 7 77
1 2 4 9 7 18 15 30 20 60 28 77 50 84 55 87 55 88 77 89
3
Case #32:
38 79 52 50 48 0 20 22 25 46 28 3 18 54 70 65 64 58 66 68
18 0 20 3 25 22 28 46 38 50 48 54 52 58 64 65 66 68 70 79
0
Case #33:
17 94 82 3 34 0 90 12 61 31 93 66 40 61 66 72 65 11 10 60
10 0 17 3 34 11 40 12 61 31 65 60 66 61 82 66 90 72 93 94
0
Case #34:
19 2 44 33 49 24 34 13 42 41 92 13 0 54 47 8 73 45 0 42
0 2 0 8 19 13 34 13 42 24 44 33 47 41 49 42 73 45 92 54
1
Case #35:
39 54 20 54 35 78 34 63 1 50 27 44 21 38 37 37 65 46 15 80
1 37 15 38 20 44 21 46 27 50 34 54 35 54 37 63 39 78 65 80
1
Case #36:
21 45 40 75 59 85 42 99 28 26 86 62 47 70 5 86 53 0 68 18
5 0 21 18 28 26 40 45 42 62 47 70 53 75 59 85 68 86 86 99
0
Case #37:
28 27 31 85 52 54 74 43 74 22 74 6 7 83 91 38 64 30 22 36
7 6 22 22 28 27 31 30 52 36 64 38 74 43 74 54 74 83 91 85
0
Case #38:
12 98 68 41 11 30 19 33 4 83 17 14 82 91 75 91 14 97 60 24
4 14 11 24 12 30 14 33 17 41 19 83 60 91 68 91 75 97 82 98
1
Case #39:
84 18 30 91 50 58 64 96 53 75 33 6 83 75 7 90 89 56 63 27
7 6 30 18 33 27 50 56 53 58 63 75 64 75 83 90 84 91 89 96
0
Case #40:
50 41 73 66 99 90 31 30 24 72 79 31 3 38 60 36 20 60 20 27
3 27 20 30 20 31 24 36 31 38 50 41 60 60 73 66 79 72 99 90
1
Case #41:
61 70 11 93 18 83 35 97 36 70 57 97 65 72 99 6 15 12 98 35
11 6 15 12 18 35 35 70 36 70 57 72 61 83 65 93 98 97 99 97
0
Case #42:
51 72 14 25 35 28 64 97 32 27 62 46 88 68 49 73 10 43 95 31
10 25 14 27 32 28 35 31 49 43 51 46 62 68 64 72 88 73 95 97
1
Case #43:
39 65 12 98 75 26 4 74 31 12 65 29 9 3 29 12 85 31 64 60
4 3 9 12 12 12 29 26 31 29 39 31 64 60 65 65 75 74 85 98
0
Case #44:
85 21 67 54 1 97 99 55 97 23 68 39 20 5 65 78 87 41 31 91
1 5 20 21 31 23 65 39 67 41 68 54 85 55 87 78 97 91 99 97
4
Case #45:
77 20 44 0 0 97 25 46 55 26 11 39 29 56 51 90 34 17 68 70
0 0 11 17 25 20 29 26 34 39 44 46 51 56 55 70 68 90 77 97
4
Case #46:
37 79 78 9 66 22 7 53 89 6 37 20 22 94 38 61 66 36 14 23
7 6 14 9 22 20 37 22 37 23 38 36 66 53 66 61 78 79 89 94
0
Case #47:
51 34 7 45 59 64 69 42 50 24 89 82 1 54 52 77 29 52 59 60
1 24 7 34 29 42 50 45 51 52 52 54 59 60 59 64 69 77 89 82
1
Case #48:
21 32 45 5 27 3 43 22 9 90 11 82 3 7 85 15 91 35 22 42
3 3 9 5 11 7 21 15 22 22 27 32 43 35 45 42 85 82 91 90
2
Case #49:
13 21 17 47 76 77 30 92 25 34 93 2 35 17 60 67 91 83 8 90
8 2 13 17 17 21 25 34 30 47 35 67 60 77 76 83 91 90 93 92
0
Case #50:
4 49 41 10 49 37 28 48 49 39 45 99 19 77 33 18 32 33 21 77
4 10 19 18 21 33 28 37 32 39 33 48 41 49 45 77 49 77 49 99
2
Case #51:
38 45 8 76 35 75 89 69 41 69 77 94 47 87 68 6 51 15 81 36
8 6 35 15 38 36 41 45 47 69 51 69 68 75 77 76 81 87 89 94
0
Case #52:
81 6 87 68 97 0 40 75 56 88 45 37 17 61 60 37 73 79 50 55
17 0 40 6 45 37 50 37 56 55 60 61 73 68 81 75 87 79 97 88
0
Case #53:
39 75 49 64 46 32 63 43 79 75 11 3 43 46 99 82 73 66 99 56
11 3 39 32 43 43 46 46 49 56 63 64 73 66 79 75 99 75 99 82
0
Case #54:
48 98 93 19 76 66 94 73 49 49 64 50 44 7 45 19 29 70 74 43
29 7 44 19 45 19 48 43 49 49 64 50 74 66 76 70 93 73 94 98
0
Case #55:
92 15 11 30 48 92 42 16 8 23 98 67 24 5 98 15 28 43 50 64
8 5 11 15 24 15 28 16 42 23 48 30 50 43 92 64 98 67 98 92
0
Case #56:
79 29 97 17 15 18 48 80 68 32 86 5 22 4 97 64 82 31 83 62
15 4 22 5 48 17 68 18 79 29 82 31 83 32 86 62 97 64 97 80
0
Case #57:
58 18 76 39 84 71 36 29 53 82 19 19 96 47 85 68 78 24 95 22
19 18 36 19 53 22 58 24 76 29 78 39 84 47 85 68 95 71 96 82
0
Case #58:
87 41 95 38 97 18 8 78 86 1 32 84 16 40 34 97 8 77 17 46
8 1 8 18 16 38 17 40 32 41 34 46 86 77 87 78 95 84 97 97
0
Case #59:
96 73 54 9 14 86 7 59 88 45 13 85 58 70 0 97 44 28 72 2
0 2 7 9 13 28 14 45 44 59 54 70 58 73 72 85 88 86 96 97
5
Case #60:
53 28 2 63 4 78 95 59 60 23 0 25 31 77 99 30 63 47 84 91
0 23 2 25 4 28 31 30 53 47 60 59 63 63 84 77 95 78 99 91
1
Case #61:
69 40 23 37 5 83 78 14 90 52 46 70 81 57 51 22 44 89 8 11
5 11 8 14 23 22 44 37 46 40 51 52 69 57 78 70 81 83 90 89
1
Case #62:
21 33 11 70 4 58 16 11 21 54 8 11 9 2 1 43 28 60 76 2
1 2 4 2 8 11 9 11 11 33 16 43 21 54 21 58 28 60 76 70
2
Case #63:
60 68 74 38 28 52 43 93 90 4 44 29 49 79 55 66 22 84 32 39
22 4 28 29 32 38 43 39 44 52 49 66 55 68 60 79 74 84 90 93
0
Case #64:
18 79 78 8 60 64 14 58 16 32 19 15 79 97 59 24 28 33 13 93
13 8 14 15 16 24 18 32 19 33 28 58 59 64 60 79 78 93 79 97
0
Case #65:
96 22 0 16 89 20 7 40 24 90 93 62 28 18 2 16 11 56 19 2
0 2 2 16 7 16 11 18 19 20 24 22 28 40 89 56 93 62 96 90
3
Case #66:
35 56 3 87 3 27 58 74 99 3 74 8 13 42 60 72 2 6 84 32
2 3 3 6 3 8 13 27 35 32 58 42 60 56 74 72 84 74 99 87
3
Case #67:
52 85 72 61 45 86 98 18 44 50 63 88 2 73 99 98 20 50 91 31
2 18 20 31 44 50 45 50 52 61 63 73 72 85 91 86 98 88 99 98
5
Case #68:
8 88 78 45 61 5 35 25 94 35 45 26 9 45 28 71 76 49 51 3
8 3 9 5 28 25 35 26 45 35 51 45 61 45 76 49 78 71 94 88
0
Case #69:
44 20 87 59 86 73 19 71 87 93 29 64 2 62 16 49 87 19 25 32
2 19 16 20 19 32 25 49 29 59 44 62 86 64 87 71 87 73 87 93
1
Case #70:
23 95 23 87 67 82 50 28 12 29 28 9 96 40 86 83 65 4 48 6
12 4 23 6 23 9 28 28 48 29 50 40 65 82 67 83 86 87 96 95
0
Case #71:
54 90 4 72 51 26 56 78 9 60 23 44 63 92 21 86 94 80 45 61
4 26 9 44 21 60 23 61 45 72 51 78 54 80 56 86 63 90 94 92
1
Case #72:
27 66 94 83 78 91 81 61 5 0 14 51 42 71 73 79 30 96 39 71
5 0 14 51 27 61 30 66 39 71 42 71 73 79 78 83 81 91 94 96
0
Case #73:
74 43 77 37 68 85 88 12 26 91 50 92 40 54 32 17 39 21 16 16
16 12 26 16 32 17 39 21 40 37 50 43 68 54 74 85 77 91 88 92
0
Case #74:
53 11 80 31 4 77 80 42 39 7 45 41 30 86 94 87 9 53 44 24
4 7 9 11 30 24 39 31 44 41 45 42 53 53 80 77 80 86 94 87
4
Case #75:
31 70 20 40 23 40 56 48 28 18 90 72 37 47 91 81 54 47 28 39
20 18 23 39 28 40 28 40 31 47 37 47 54 48 56 70 90 72 91 81
0
Case #76:
54 85 29 15 21 43 35 95 5 29 16 34 9 78 72 18 96 55 94 27
5 15 9 18 16 27 21 29 29 34 35 43 54 55 72 78 94 85 96 95
1
Case #77:
20 2 64 10 32 30 27 49 78 59 46 17 3 4 88 65 96 71 24 25
3 2 20 4 24 10 27 17 32 25 46 30 64 49 78 59 88 65 96 71
0
Case #78:
26 33 73 26 24 7 78 0 59 88 43 78 62 32 21 73 68 40 43 59
21 0 24 7 26 26 43 32 43 33 59 40 62 59 68 73 73 78 78 88
0
Case #79:
55 59 49 13 62 29 57 71 93 62 68 67 23 69 22 33 8 93 1 21
1 13 8 21 22 29 23 33 49 59 55 62 57 67 62 69 68 71 93 93
1
Case #80:
65 43 79 73 96 69 98 69 20 43 67 84 65 65 14 29 23 8 81 30
14 8 20 29 23 30 65 43 65 43 67 65 79 69 81 69 96 73 98 84
0
Case #81:
25 16 39 43 96 28 16 98 25 0 94 13 12 48 81 65 97 13 62 62
12 0 16 13 25 13 25 16 39 28 62 43 81 48 94 62 96 65 97 98
0
Case #82:
44 90 4 72 23 95 41 24 95 76 44 13 0 28 94 64 25 56 10 74
0 13 4 24 10 28 23 56 25 64 41 72 44 74 44 76 94 90 95 95
1
Case #83:
4 35 68 69 49 14 70 46 9 32 98 81 48 84 98 13 39 5 17 54
4 5 9 13 17 14 39 32 48 35 49 46 68 54 70 69 98 81 98 84
4
Case #84:
32 59 69 36 59 71 17 6 78 51 69 27 39 39 60 40 73 75 41 54
17 6 32 27 39 36 41 39 59 40 60 51 69 54 69 59 73 71 78 75
0
Case #85:
36 62 53 85 20 86 0 49 92 57 22 72 7 95 24 96 8 49 15 42
0 42 7 49 8 49 15 57 20 62 22 72 24 85 36 86 53 95 92 96
1
Case #86:
99 98 96 35 56 56 25 42 66 13 99 43 18 11 96 23 1 40 67 95
1 11 18 13 25 23 56 35 66 40 67 42 96 43 96 56 99 95 99 98
2
Case #87:
58 78 29 89 9 13 47 32 85 74 53 3 53 1 73 86 49 34 84 20
9 1 29 3 47 13 49 20 53 32 53 34 58 74 73 78 84 86 85 89
0
Case #88:
21 69 52 8 59 90 87 73 41 42 34 44 45 35 34 13 40 97 51 28
21 8 34 13 34 28 40 35 41 42 45 44 51 69 52 73 59 90 87 97
0
Case #89:
28 22 19 82 82 83 49 46 76 89 73 9 51 99 83 54 99 80 41 45
19 9 28 22 41 45 49 46 51 54 73 80 76 82 82 83 83 89 99 99
0
Case #90:
9 75 38 70 62 29 52 45 86 47 59 81 7 77 23 33 15 22 54 61
7 22 9 29 15 33 23 45 38 47 52 61 54 70 59 75 62 77 86 81
1
Case #91:
27 8 59 77 15 51 84 67 70 97 67 7 94 12 95 23 47 32 28 16
15 7 27 8 28 12 47 16 59 23 67 32 70 51 84 67 94 77 95 97
0
Case #92:
82 51 96 66 25 22 72 75 61 16 20 86 92 48 94 85 56 52 52 45
20 16 25 22 52 45 56 48 61 51 72 52 82 66 92 75 94 85 96 86
0
Case #93:
44 61 96 90 26 10 92 99 73 51 62 18 43 16 1 99 82 46 56 49
1 10 26 16 43 18 44 46 56 49 62 51 73 61 82 90 92 99 96 99
2
Case #94:
10 46 22 90 58 38 91 88 32 23 95 96 86 63 17 18 23 11 89 37
10 11 17 18 22 23 23 37 32 38 58 46 86 63 89 88 91 90 95 96
7
Case #95:
12 68 77 36 71 71 80 49 78 9 28 97 72 84 77 52 13 4 54 2
12 2 13 4 28 9 54 36 71 49 72 52 77 68 77 71 78 84 80 97
0
Case #96:
50 0 92 38 30 29 9 79 15 43 91 89 33 61 21 53 45 28 17 18
9 0 15 18 17 28 21 29 30 38 33 43 45 53 50 61 91 79 92 89
0
Case #97:
12 3 95 17 1 86 5 96 45 46 43 8 66 7 28 37 74 53 77 85
1 3 5 7 12 8 28 17 43 37 45 46 66 53 74 85 77 86 95 96
4
Case #98:
84 60 38 19 6 15 67 9 97 23 69 33 82 27 22 8 3 27 37 91
3 8 6 9 22 15 37 19 38 23 67 27 69 27 82 33 84 60 97 91
1
Case #99:
70 2 72 77 84 88 66 1 48 4 81 17 92 28 49 0 65 18 43 44
43 0 48 1 49 2 65 4 66 17 70 18 72 28 81 44 84 77 92 88
0
Case #100:
39 39 36 55 87 15 0 23 33 4 77 83 40 10 52 13 92 70 39 84
0 4 33 10 36 13 39 15 39 23 40 39 52 55 77 70 87 83 92 84
2