10
Case #1:
5 4 9 5 9 4 0 2 8 4 4 7 8 0 2 5 5 3 1 3
0 0 1 2 2 3 4 3 5 4 5 4 8 4 8 5 9 5 9 7
6
Case #2:
3 7 8 6 1 8 6 0 3 8 1 4 2 1 4 3 3 9 3 0
1 0 1 0 2 1 3 3 3 4 3 6 3 7 4 8 6 8 8 9
0
Case #3:
9 0 3 9 3 3 2 1 6 3 2 8 0 4 1 0 3 7 4 5
0 0 1 0 2 1 2 3 3 3 3 4 3 5 4 7 6 8 9 9
2
Case #4:
8 5 8 9 5 2 0 1 5 7 6 6 1 4 1 2 6 8 9 2
0 1 1 2 1 2 5 2 5 4 6 5 6 6 8 7 8 8 9 9
3
Case #5:
7 2 6 3 4 8 2 1 0 8 6 5 4 4 2 0 1 3 7 2
0 0 1 1 2 2 2 2 4 3 4 3 6 4 6 5 7 8 7 8
8
Case #6:
9 8 8 7 8 8 9 5 1 7 8 1 5 3 0 8 0 3 7 3
0 1 0 3 1 3 5 3 7 5 8 7 8 7 8 8 9 8 9 8
1
Case #7:
4 9 2 7 2 9 3 4 2 0 6 0 0 1 7 5 5 0 2 0
0 0 2 0 2 0 2 0 2 1 3 4 4 5 5 7 6 9 7 9
2
Case #8:
7 9 8 3 9 3 1 6 8 3 4 6 2 9 9 9 2 9 6 9
1 3 2 3 2 3 4 6 6 6 7 9 8 9 8 9 9 9 9 9
1
Case #9:
0 0 2 8 6 2 0 6 8 8 5 4 4 3 7 4 1 1 7 3
0 0 0 1 1 2 2 3 4 3 5 4 6 4 7 6 7 8 8 8
8
Case #10:
4 8 9 8 0 0 2 2 6 6 4 8 2 8 1 4 9 4 2 0
0 0 1 0 2 2 2 4 2 4 4 6 4 8 6 8 9 8 9 8
2

Total time : 5.66 s

Terminal will be reused by tasks, press any key to close it.

> Executing task: D:\cptraining\VSCodeCompile\runner.bat d:\cptraining\Codejam\2018Q\B.observe.cpp <

Same code as previous ....
Running ....
100
Case #1:
4 5 6 9 6 7 2 4 0 7 2 4 9 5 3 6 3 0 0 7
0 0 0 4 2 4 2 5 3 5 3 6 4 7 6 7 6 7 9 9
3
Case #2:
8 3 0 2 6 3 3 9 3 6 2 5 9 7 5 2 5 6 6 7
0 2 2 2 3 3 3 3 5 5 5 6 6 6 6 7 8 7 9 9
16
Case #3:
5 2 1 9 4 2 0 7 8 8 6 9 1 8 0 2 4 0 9 8
0 0 0 2 1 2 1 2 4 7 4 8 5 8 6 8 8 9 9 9
3
Case #4:
2 8 1 7 9 2 1 6 8 8 1 7 0 9 4 3 4 1 6 1
0 1 1 1 1 2 1 3 2 6 4 7 4 7 6 8 8 8 9 9
5
Case #5:
3 6 0 8 1 4 6 6 5 4 8 4 8 2 8 6 8 4 2 4
0 2 1 4 2 4 3 4 5 4 6 4 8 6 8 6 8 6 8 8
1
Case #6:
2 8 1 0 3 7 4 1 1 2 6 1 7 3 3 4 0 2 0 1
0 0 0 1 1 1 1 1 2 2 3 2 3 3 4 4 6 7 7 8
10
Case #7:
5 4 7 4 0 0 2 9 4 6 3 5 7 7 5 0 0 2 8 8
0 0 0 0 2 2 3 4 4 4 5 5 5 6 7 7 7 8 8 9
OK
Case #8:
0 1 2 5 5 5 0 2 4 4 8 0 2 5 0 4 4 6 6 3
0 0 0 1 0 2 2 3 2 4 4 4 4 5 5 5 6 5 8 6
3
Case #9:
3 3 4 9 7 8 4 5 1 0 2 9 3 2 3 4 6 5 3 5
1 0 2 2 3 3 3 4 3 5 3 5 4 5 4 8 6 9 7 9
0
Case #10:
5 6 5 6 6 8 6 8 2 3 8 4 1 8 4 3 4 2 7 5
1 2 2 3 4 3 4 4 5 5 5 6 6 6 6 8 7 8 8 8
4
Case #11:
4 2 8 6 1 8 0 9 5 5 5 3 7 8 5 8 7 5 8 0
0 0 1 2 4 3 5 5 5 5 5 6 7 8 7 8 8 8 8 9
4
Case #12:
9 7 0 9 3 6 0 4 8 6 9 6 4 4 5 1 0 4 0 6
0 1 0 4 0 4 0 4 3 6 4 6 5 6 8 6 9 7 9 9
1
Case #13:
0 1 2 5 1 5 1 2 9 4 7 4 3 2 9 2 7 4 4 2
0 1 1 2 1 2 2 2 3 2 4 4 7 4 7 4 9 5 9 5
3
Case #14:
2 7 1 9 8 4 7 0 4 4 4 3 6 8 0 0 2 8 2 6
0 0 1 0 2 3 2 4 2 4 4 6 4 7 6 8 7 8 8 9
2
Case #15:
4 7 2 4 0 5 5 8 6 5 5 0 5 6 6 1 0 3 1 1
0 0 0 1 1 1 2 3 4 4 5 5 5 5 5 6 6 7 6 8
17
Case #16:
7 4 9 3 3 6 0 8 0 6 1 1 1 8 0 8 2 8 1 0
0 0 0 1 0 3 1 4 1 6 1 6 2 8 3 8 7 8 9 8
3
Case #17:
6 6 5 2 9 3 2 7 7 8 4 8 1 0 8 9 1 5 7 4
1 0 1 2 2 3 4 4 5 5 6 6 7 7 7 8 8 8 9 9
0
Case #18:
2 6 7 0 2 8 8 6 1 6 6 6 4 0 5 9 5 4 2 7
1 0 2 0 2 4 2 6 4 6 5 6 5 6 6 7 7 8 8 9
0
Case #19:
5 7 9 3 2 7 0 6 2 0 0 6 0 1 7 9 3 3 6 2
0 0 0 1 0 2 2 3 2 3 3 6 5 6 6 7 7 7 9 9
3
Case #20:
8 9 1 3 6 7 1 0 7 3 9 4 8 4 1 2 4 1 7 7
1 0 1 1 1 2 4 3 6 3 7 4 7 4 8 7 8 7 9 9
0
Case #21:
2 5 2 5 2 0 2 7 6 5 5 0 8 1 5 0 4 3 4 1
2 0 2 0 2 0 2 1 4 1 4 3 5 5 5 5 6 5 8 7
0
Case #22:
1 5 4 4 2 7 1 9 0 8 2 0 3 2 5 4 4 8 5 7
0 0 1 2 1 4 2 4 2 5 3 7 4 7 4 8 5 8 5 9
3
Case #23:
1 0 1 2 7 7 5 3 9 3 7 9 9 3 2 3 3 4 0 1
0 0 1 1 1 2 2 3 3 3 5 3 7 3 7 4 9 7 9 9
10
Case #24:
4 7 0 3 3 6 2 7 8 4 8 3 5 9 0 4 4 7 8 1
0 1 0 3 2 3 3 4 4 4 4 6 5 7 8 7 8 7 8 9
1
Case #25:
0 5 1 1 5 9 0 5 4 8 1 9 2 1 0 5 0 5 6 7
0 1 0 1 0 5 0 5 1 5 1 5 2 7 4 8 5 9 6 9
1
Case #26:
6 2 0 2 7 5 1 7 9 6 4 7 3 9 5 5 4 3 9 3
0 2 1 2 3 3 4 3 4 5 5 5 6 6 7 7 9 7 9 9
1
Case #27:
1 2 4 8 8 0 3 7 6 0 1 8 1 8 7 5 9 3 9 4
1 0 1 0 1 2 3 3 4 4 6 5 7 7 8 8 9 8 9 8
0
Case #28:
8 2 0 9 7 8 9 9 2 5 6 3 9 0 4 2 8 2 0 0
0 0 0 0 2 2 4 2 6 2 7 3 8 5 8 8 9 9 9 9
6
Case #29:
2 1 5 3 3 9 3 4 6 8 4 7 1 3 8 8 4 4 2 1
1 1 2 1 2 3 3 3 3 4 4 4 4 7 5 8 6 8 8 9
2
Case #30:
6 8 3 5 3 4 1 9 6 5 8 0 8 0 9 3 5 1 9 5
1 0 3 0 3 1 5 3 6 4 6 5 8 5 8 5 9 8 9 9
0
Case #31:
2 7 4 9 4 8 6 4 6 2 6 1 5 4 1 0 7 7 3 2
1 0 2 1 3 2 4 2 4 4 5 4 6 7 6 7 6 8 7 9
0
Case #32:
0 5 4 9 4 4 4 1 0 2 6 7 3 5 0 3 0 3 9 0
0 0 0 1 0 2 0 3 3 3 4 4 4 5 4 5 6 7 9 9
3
Case #33:
3 6 5 2 1 5 0 7 7 3 6 8 8 2 0 9 0 9 8 5
0 2 0 2 0 3 1 5 3 5 5 6 6 7 7 8 8 9 8 9
1
Case #34:
8 9 8 3 5 1 0 1 9 8 6 5 7 0 8 5 6 2 4 8
0 0 4 1 5 1 6 2 6 3 7 5 8 5 8 8 8 8 9 9
2
Case #35:
3 8 2 2 0 4 5 4 8 5 7 9 1 0 0 8 0 6 9 2
0 0 0 2 0 2 1 4 2 4 3 5 5 6 7 8 8 8 9 9
3
Case #36:
4 2 1 7 0 7 4 3 6 0 6 0 7 3 0 2 1 3 7 0
0 0 0 0 1 0 1 2 4 2 4 3 6 3 6 3 7 7 7 7
4
Case #37:
7 5 8 5 9 2 2 7 8 6 6 8 5 7 0 7 0 5 0 5
0 2 0 5 0 5 2 5 5 5 6 6 7 7 8 7 8 7 9 8
1
Case #38:
3 1 9 2 8 5 7 4 1 5 2 2 4 8 5 5 8 5 2 8
1 1 2 2 2 2 3 4 4 5 5 5 7 5 8 5 8 8 9 8
12
Case #39:
2 9 4 2 3 7 4 3 2 4 7 1 8 9 7 2 9 1 0 6
0 1 2 1 2 2 3 2 4 3 4 4 7 6 7 7 8 9 9 9
2
Case #40:
8 2 9 9 7 2 5 3 5 5 5 9 4 0 8 9 0 7 9 4
0 0 4 2 5 2 5 3 5 4 7 5 8 7 8 9 9 9 9 9
2
Case #41:
2 3 9 3 4 8 7 0 6 5 1 0 6 3 5 0 7 5 9 0
1 0 2 0 4 0 5 0 6 3 6 3 7 3 7 5 9 5 9 8
0
Case #42:
2 5 8 1 3 3 1 3 4 5 2 7 3 6 0 7 9 1 3 7
0 1 1 1 2 3 2 3 3 5 3 5 3 6 4 7 8 7 9 7
5
Case #43:
6 9 7 4 5 9 6 1 0 3 4 1 0 1 4 5 4 8 6 7
0 1 0 1 4 1 4 3 4 4 5 5 6 7 6 8 6 9 7 9
1
Case #44:
0 0 8 8 6 1 9 0 8 3 2 8 7 3 7 8 2 2 5 7
0 0 2 0 2 1 5 2 6 3 7 3 7 7 8 8 8 8 9 8
2
Case #45:
2 0 5 9 1 3 2 3 5 4 5 4 5 8 6 6 3 1 6 7
1 0 2 1 2 3 3 3 5 4 5 4 5 6 5 7 6 8 6 9
0
Case #46:
9 9 4 2 7 3 2 2 2 0 0 0 3 7 0 0 6 2 8 6
0 0 0 0 2 0 2 2 3 2 4 2 6 3 7 6 8 7 9 9
4
Case #47:
0 9 7 0 9 5 1 2 8 5 8 1 4 6 6 6 8 7 9 2
0 0 1 1 4 2 6 2 7 5 8 5 8 6 8 6 9 7 9 9
4
Case #48:
5 6 2 0 5 1 2 2 7 8 6 3 6 2 2 4 5 6 6 8
2 0 2 1 2 2 5 2 5 3 5 4 6 6 6 6 6 8 7 8
0
Case #49:
9 9 0 6 3 6 3 8 4 7 6 5 8 2 7 5 6 6 3 8
0 2 3 5 3 5 3 6 4 6 6 6 6 7 7 8 8 8 9 9
3
Case #50:
9 1 9 4 0 5 0 6 3 1 6 5 2 1 1 4 0 5 0 0
0 0 0 1 0 1 0 1 1 4 2 4 3 5 6 5 9 5 9 6
3
Case #51:
8 5 5 4 3 2 8 0 2 6 2 9 8 0 7 0 6 4 6 3
2 0 2 0 3 0 5 2 6 3 6 4 7 4 8 5 8 6 8 9
0
Case #52:
9 3 7 8 6 7 4 8 0 1 6 3 4 5 3 8 4 4 6 9
0 1 3 3 4 3 4 4 4 5 6 7 6 8 6 8 7 8 9 9
4
Case #53:
8 8 5 0 5 1 7 7 9 4 9 0 7 4 2 3 3 7 3 3
2 0 3 0 3 1 5 3 5 3 7 4 7 4 8 7 9 7 9 8
0
Case #54:
7 8 9 8 1 9 4 7 3 3 5 2 8 6 7 5 4 1 8 4
1 1 3 2 4 3 4 4 5 5 7 6 7 7 8 8 8 8 9 9
2
Case #55:
1 1 5 7 9 6 7 1 5 7 3 7 8 7 6 9 0 3 1 9
0 1 1 1 1 3 3 6 5 7 5 7 6 7 7 7 8 9 9 9
7
Case #56:
6 2 3 8 2 4 7 2 2 4 5 0 8 8 6 9 7 4 8 2
2 0 2 2 3 2 5 2 6 4 6 4 7 4 7 8 8 8 8 9
0
Case #57:
4 7 3 1 0 9 5 5 9 5 3 5 1 3 1 6 0 1 4 1
0 1 0 1 1 1 1 3 3 5 3 5 4 5 4 6 5 7 9 9
1
Case #58:
7 0 9 9 2 5 1 8 7 0 2 7 8 3 8 0 3 5 0 5
0 0 1 0 2 0 2 3 3 5 7 5 7 5 8 7 8 8 9 9
2
Case #59:
0 4 5 8 6 2 3 8 4 5 3 2 7 4 2 0 9 8 8 9
0 0 2 2 3 2 3 4 4 4 5 5 6 8 7 8 8 8 9 9
4
Case #60:
9 8 4 1 3 1 4 1 9 1 8 3 7 9 4 9 4 1 6 7
3 1 4 1 4 1 4 1 4 1 6 3 7 7 8 8 9 9 9 9
0
Case #61:
4 8 8 3 4 8 9 0 9 2 2 5 0 1 2 4 7 1 5 8
0 0 2 1 2 1 4 2 4 3 5 4 7 5 8 8 9 8 9 8
2
Case #62:
4 7 2 4 6 0 3 6 1 3 5 4 6 9 0 4 0 3 2 1
0 0 0 1 1 3 2 3 2 4 3 4 4 4 5 6 6 7 6 9
5
Case #63:
0 5 1 7 8 7 8 5 0 0 5 1 2 8 5 5 4 9 4 1
0 0 0 1 1 1 2 5 4 5 4 5 5 7 5 7 8 8 8 9
7
Case #64:
8 5 3 7 5 5 8 3 7 5 8 1 8 5 1 7 7 8 7 6
1 1 3 3 5 5 7 5 7 5 7 5 8 6 8 7 8 7 8 8
6
Case #65:
4 3 4 1 2 6 8 0 7 1 0 4 4 1 5 2 8 7 3 4
0 0 2 1 3 1 4 1 4 2 4 3 5 4 7 4 8 6 8 7
2
Case #66:
3 6 3 6 6 8 4 7 9 9 1 0 2 6 7 7 9 7 5 4
1 0 2 4 3 6 3 6 4 6 5 7 6 7 7 7 9 8 9 9
0
Case #67:
6 2 5 9 9 7 0 0 7 8 9 6 5 1 2 5 0 5 4 9
0 0 0 1 2 2 4 5 5 5 5 6 6 7 7 8 9 9 9 9
OK
Case #68:
2 4 3 6 0 3 1 8 9 2 0 9 3 8 5 8 1 7 3 9
0 2 0 3 1 4 1 6 2 7 3 8 3 8 3 8 5 9 9 9
1
Case #69:
9 9 2 8 9 4 2 2 5 1 6 1 8 0 2 5 4 9 0 0
0 0 2 0 2 1 2 1 4 2 5 4 6 5 8 8 9 9 9 9
2
Case #70:
7 9 0 0 1 5 1 9 9 6 1 9 0 9 2 1 9 9 2 5
0 0 0 1 1 5 1 5 1 6 2 9 2 9 7 9 9 9 9 9
5
Case #71:
6 8 7 5 9 5 9 9 0 6 9 8 3 7 9 6 6 8 4 4
0 4 3 5 4 5 6 6 6 6 7 7 9 8 9 8 9 8 9 9
1
Case #72:
2 4 8 6 0 5 7 3 1 1 1 3 3 2 3 0 2 1 1 4
0 0 1 1 1 1 1 2 2 3 2 3 3 4 3 4 7 5 8 6
9
Case #73:
0 4 8 2 7 8 6 5 0 4 7 7 8 3 5 9 5 8 0 9
0 2 0 3 0 4 5 4 5 5 6 7 7 8 7 8 8 9 8 9
1
Case #74:
5 5 7 4 8 5 7 3 9 9 9 1 2 3 3 3 1 2 4 6
1 1 2 2 3 3 4 3 5 3 7 4 7 5 8 5 9 6 9 9
6
Case #75:
4 1 9 9 6 0 7 4 3 8 9 1 1 8 3 9 8 2 3 3
1 0 3 1 3 1 3 2 4 3 6 4 7 8 8 8 9 9 9 9
0
Case #76:
3 3 6 7 2 8 0 6 5 8 3 5 8 5 8 7 6 4 3 8
0 3 2 4 3 5 3 5 3 6 5 7 6 7 6 8 8 8 8 8
1
Case #77:
3 1 3 3 7 4 6 9 3 0 5 0 6 8 2 3 3 0 3 7
2 0 3 0 3 0 3 1 3 3 3 3 5 4 6 7 6 8 7 9
0
Case #78:
8 0 3 3 9 6 4 6 4 3 6 4 3 3 7 3 1 1 7 0
1 0 3 0 3 1 4 3 4 3 6 3 7 3 7 4 8 6 9 6
0
Case #79:
4 3 5 7 9 8 8 9 9 5 7 1 2 7 3 1 1 9 5 0
1 0 2 1 3 1 4 3 5 5 5 7 7 7 8 8 9 9 9 9
0
Case #80:
0 3 3 5 6 9 8 8 4 3 3 1 5 5 1 4 5 5 2 2
0 1 1 2 2 3 3 3 3 4 4 5 5 5 5 5 6 8 8 9
OK
Case #81:
9 1 6 6 8 1 1 2 9 6 0 9 2 2 7 5 3 4 9 2
0 1 1 1 2 2 3 2 6 2 7 4 8 5 9 6 9 6 9 9
6
Case #82:
2 8 5 1 9 6 6 7 6 8 4 9 3 6 1 3 5 4 2 6
1 1 2 3 2 4 3 6 4 6 5 6 5 7 6 8 6 8 9 9
3
Case #83:
9 1 5 6 6 8 1 8 0 6 9 7 4 6 4 5 4 5 8 0
0 0 1 1 4 5 4 5 4 6 5 6 6 6 8 7 9 8 9 8
5
Case #84:
7 9 9 0 8 9 3 7 3 9 3 9 7 5 6 6 2 1 4 2
2 0 3 1 3 2 3 5 4 6 6 7 7 9 7 9 8 9 9 9
0
Case #85:
5 9 7 4 1 9 9 9 8 8 1 0 8 4 8 1 9 9 2 2
1 0 1 1 2 2 5 4 7 4 8 8 8 9 8 9 9 9 9 9
0
Case #86:
4 8 8 9 9 5 9 4 9 9 2 3 2 1 8 2 0 7 3 3
0 1 2 2 2 3 3 3 4 4 8 5 8 7 9 8 9 9 9 9
10
Case #87:
9 3 1 1 5 0 9 5 0 8 8 1 2 5 1 8 1 5 9 2
0 0 1 1 1 1 1 2 2 3 5 5 8 5 9 5 9 8 9 8
12
Case #88:
1 0 0 9 5 9 2 5 4 0 0 8 0 5 5 3 9 1 2 3
0 0 0 0 0 1 1 3 2 3 2 5 4 5 5 8 5 9 9 9
7
Case #89:
2 2 1 1 3 9 8 8 0 1 6 2 0 6 1 1 9 1 8 8
0 1 0 1 1 1 1 1 2 2 3 2 6 6 8 8 8 8 9 9
1
Case #90:
9 4 1 1 9 3 6 9 2 3 0 5 5 3 5 4 7 0 5 4
0 0 1 1 2 3 5 3 5 3 5 4 6 4 7 4 9 5 9 9
6
Case #91:
2 6 5 2 2 5 8 2 2 3 8 1 0 9 9 7 7 1 9 2
0 1 2 1 2 2 2 2 5 2 7 3 8 5 8 6 9 7 9 9
2
Case #92:
8 7 3 0 5 1 9 1 8 6 9 9 8 8 4 6 1 6 6 9
1 0 3 1 4 1 5 6 6 6 8 6 8 7 8 8 9 9 9 9
0
Case #93:
4 6 0 7 2 3 3 0 2 5 7 0 1 5 6 3 5 7 9 9
0 0 1 0 2 3 2 3 3 5 4 5 5 6 6 7 7 7 9 9
2
Case #94:
9 4 8 4 8 9 8 0 9 2 3 8 2 3 1 9 5 5 6 0
1 0 2 0 3 2 5 3 6 4 8 4 8 5 8 8 9 9 9 9
0
Case #95:
9 5 6 6 7 4 6 3 5 0 8 6 2 8 9 1 1 7 4 5
1 0 2 1 4 3 5 4 6 5 6 5 7 6 8 6 9 7 9 8
0
Case #96:
4 5 0 6 6 0 8 3 8 6 3 7 0 7 0 9 7 0 6 6
0 0 0 0 0 3 3 5 4 6 6 6 6 6 7 7 8 7 8 9
7
Case #97:
7 4 8 4 1 1 2 0 3 9 9 0 7 1 5 1 9 7 7 4
1 0 2 0 3 1 5 1 7 1 7 4 7 4 8 4 9 7 9 9
0
Case #98:
7 4 5 5 1 1 0 7 6 9 3 4 5 7 7 6 6 1 7 2
0 1 1 1 3 2 5 4 5 4 6 5 6 6 7 7 7 7 7 9
4
Case #99:
8 0 2 6 9 5 9 6 6 1 3 9 8 1 6 2 1 7 4 6
1 0 2 1 3 1 4 2 6 5 6 6 8 6 8 6 9 7 9 9
0
Case #100:
0 6 4 1 7 6 2 9 1 2 5 8 7 8 2 3 0 9 8 8
0 1 0 2 1 3 2 6 2 6 4 8 5 8 7 8 7 9 8 9
1