1000
7 84 22
100 23 20
96 28 17
93 92 92
38 55 3
79 88 11
54 53 91
57 64 92
19 61 77
74 92 31
96 55 72
96 44 13
1 45 6
84 93 54
36 93 63
40 76 92
57 28 81
100 17 30
15 12 1
73 35 23
57 41 42
59 22 76
31 8 81
5 100 52
41 32 82
28 16 5
31 47 82
65 77 35
87 93 35
9 3 8
62 67 78
6 68 91
34 27 91
58 27 76
34 66 96
53 97 9
93 28 75
9 67 98
29 37 5
54 69 77
25 2 9
66 26 38
84 63 8
69 3 81
66 90 100
41 97 68
68 85 59
23 70 19
16 20 13
9 70 2
84 75 56
45 39 23
28 53 36
59 8 29
5 66 37
6 33 77
62 44 84
46 60 87
78 56 13
68 47 78
2 98 62
71 76 48
60 87 90
19 8 1
61 63 52
16 81 80
77 75 53
1 97 39
11 78 3
38 4 1
92 10 71
84 98 25
25 55 35
17 37 79
84 58 56
9 72 95
79 12 10
98 85 38
43 48 99
77 41 62
63 38 11
21 26 87
34 15 71
37 26 33
48 48 69
54 84 33
75 63 74
93 91 57
11 92 53
31 15 100
95 82 27
38 20 36
49 73 97
90 48 65
54 73 68
65 39 45
14 30 25
93 24 72
1 12 64
22 84 76
26 92 27
90 93 62
71 75 25
77 46 98
29 25 59
37 13 100
99 70 27
23 60 91
51 61 55
1 90 31
24 26 19
96 46 59
7 21 17
47 66 45
94 30 67
37 92 57
16 48 34
59 72 79
43 54 4
77 23 24
13 46 10
84 71 12
99 92 73
27 86 68
100 91 95
24 84 57
30 17 52
52 27 3
84 18 41
28 74 83
70 72 24
38 27 52
30 60 84
2 86 38
5 42 25
79 4 33
91 41 56
55 80 45
6 27 73
71 83 38
35 62 33
3 19 75
93 68 55
77 61 9
64 81 11
68 88 5
30 64 33
31 43 35
16 54 82
34 9 32
94 11 37
11 97 8
28 81 52
39 43 22
55 99 81
56 30 6
95 11 94
50 36 93
89 80 24
36 65 62
22 2 57
3 89 85
32 10 75
68 82 88
100 87 47
19 71 93
100 68 14
10 28 72
86 22 44
8 90 85
23 24 41
60 98 27
10 86 69
98 6 75
91 65 22
93 21 57
96 31 25
33 24 78
15 27 85
30 94 18
61 55 7
91 10 57
97 82 93
13 55 55
77 83 58
63 18 95
8 2 87
60 5 38
67 95 83
12 65 66
2 96 76
9 78 90
34 44 71
52 68 11
1 74 53
100 91 18
6 54 76
80 5 56
62 17 11
45 54 78
75 18 15
42 91 58
16 5 23
75 93 5
73 7 6
4 99 54
10 55 4
44 52 32
43 86 20
84 95 42
46 38 10
39 81 80
39 62 19
6 23 99
76 45 72
60 4 61
72 15 93
4 11 83
18 61 15
54 31 99
93 85 66
33 69 55
49 60 88
40 32 40
79 13 6
56 83 72
64 20 30
65 89 98
73 79 96
29 81 85
60 81 24
37 62 67
30 65 81
74 76 22
67 60 99
77 88 1
100 61 33
54 93 10
100 1 1
23 34 79
98 23 27
50 20 90
97 7 12
54 70 59
95 61 13
38 2 57
20 73 91
78 28 15
23 68 11
16 58 42
35 29 87
65 77 89
68 23 92
16 79 40
48 46 58
19 78 93
40 29 7
29 11 42
12 33 57
12 59 63
79 6 30
43 82 22
14 72 37
41 97 37
64 76 28
21 88 44
82 56 91
94 54 91
13 42 34
96 67 6
99 62 71
5 47 66
84 79 48
33 61 4
100 89 96
79 94 60
14 46 40
82 86 16
13 99 9
66 20 11
1 87 21
30 9 85
34 54 33
88 93 40
88 58 41
84 74 99
89 86 90
100 89 76
87 28 17
35 71 80
76 87 22
35 64 17
100 90 10
25 54 15
65 91 93
42 12 84
67 12 75
45 70 62
56 57 34
3 82 67
54 28 35
26 2 42
31 57 62
4 86 31
4 57 29
23 3 100
24 81 77
6 37 12
41 58 27
58 86 97
81 38 43
73 9 85
91 86 32
49 34 10
95 85 18
100 89 79
3 31 48
29 42 62
12 88 91
70 88 73
98 55 70
42 25 39
46 83 61
57 61 15
63 73 6
93 40 71
3 8 88
53 76 77
55 83 24
61 71 58
16 53 10
97 70 4
75 12 4
33 6 28
53 92 12
90 14 81
13 62 100
40 29 19
22 61 99
67 68 52
53 77 48
12 39 71
98 69 74
98 85 64
78 31 43
71 28 4
22 75 38
0 20 25
39 5 38
43 58 83
37 65 24
15 40 98
47 74 14
20 56 69
4 38 5
1 94 5
7 68 97
82 24 95
82 65 54
15 87 67
89 84 47
48 59 23
8 64 34
17 79 13
67 5 11
52 29 5
73 4 82
22 95 30
76 70 22
25 18 17
84 58 8
76 86 17
77 31 9
100 27 67
76 23 47
58 18 38
49 97 30
20 18 1
32 15 55
37 73 10
90 37 82
92 38 94
48 21 33
2 32 95
75 2 67
95 85 81
87 81 48
22 21 46
98 42 24
44 31 91
97 18 34
14 60 30
57 53 73
26 26 94
16 43 68
11 45 87
97 76 47
14 98 61
52 79 8
34 92 25
69 82 83
39 39 55
57 38 52
85 67 94
5 74 9
20 94 40
69 62 92
1 28 70
48 62 3
27 65 77
28 43 83
91 24 30
83 62 4
58 58 81
67 89 59
11 83 30
36 42 44
59 83 100
11 32 65
97 44 60
29 90 66
16 39 79
43 30 26
94 53 82
61 53 3
66 16 67
45 58 33
99 95 91
35 81 8
62 87 92
16 10 4
78 22 46
64 70 73
46 13 17
12 9 17
25 43 87
55 65 61
84 79 64
59 89 41
14 84 31
92 7 98
81 45 30
27 56 28
39 62 100
83 77 98
53 6 61
97 61 94
21 17 22
66 17 16
51 22 21
55 12 25
100 6 94
80 33 25
87 37 36
70 100 38
23 17 75
87 47 83
79 67 41
66 43 12
86 15 32
99 99 99
93 79 38
17 17 24
8 87 8
36 4 21
100 98 41
83 81 21
54 12 86
56 56 52
55 82 52
95 29 87
89 48 41
31 11 98
76 41 73
49 37 81
11 10 80
25 47 39
2 9 3
0 53 42
18 28 91
76 10 62
10 38 38
5 19 45
67 60 11
13 63 44
45 12 15
2 20 12
59 46 2
34 29 37
51 36 99
84 5 4
56 6 32
18 13 17
67 43 16
21 28 21
55 82 21
61 88 67
10 22 75
98 29 77
41 85 37
13 66 1
33 84 61
38 100 15
53 70 66
81 53 85
18 18 95
66 22 24
38 18 100
49 32 95
82 79 96
25 69 7
56 48 75
20 41 6
50 65 61
83 77 15
57 58 89
85 74 65
18 75 3
35 97 48
36 67 58
54 13 86
79 8 72
70 35 40
67 23 25
96 74 56
82 28 71
87 57 12
73 29 39
49 86 5
100 6 31
1 22 6
32 38 20
97 88 98
38 73 58
9 100 8
34 74 94
38 18 74
16 86 46
34 92 69
99 10 38
13 15 75
4 25 17
20 56 46
59 75 32
65 83 43
38 4 40
82 47 30
55 77 36
57 98 14
62 57 13
82 47 46
66 19 66
87 20 40
59 75 48
99 35 58
72 96 80
39 5 87
22 97 31
79 31 94
32 96 39
57 75 18
75 71 84
74 77 38
49 2 81
0 27 62
47 53 21
18 89 10
94 30 5
74 24 4
18 56 55
44 52 32
23 5 33
35 45 55
76 5 76
52 20 71
60 24 94
41 20 71
24 29 11
34 78 66
93 94 28
41 87 80
75 96 31
64 16 62
99 8 69
86 33 83
56 1 93
4 80 61
18 82 44
20 46 63
17 69 21
23 8 13
5 20 37
50 78 61
50 22 39
0 55 55
35 22 38
38 3 52
92 67 54
4 92 13
40 67 34
71 86 34
72 53 57
84 90 42
18 75 8
95 21 59
63 53 74
27 81 7
83 88 33
68 31 60
17 32 44
27 39 58
87 66 72
4 64 27
17 55 29
71 75 75
3 40 45
28 14 70
76 9 32
24 1 68
31 11 66
59 96 91
52 36 12
34 26 6
86 25 64
46 26 68
6 53 79
89 42 1
12 85 59
79 70 92
100 45 18
15 72 4
85 55 91
44 35 57
75 46 17
57 48 78
76 77 73
79 74 13
21 89 97
80 60 28
4 90 64
80 94 17
23 7 57
13 68 39
16 35 59
33 44 96
98 83 39
63 93 100
88 7 40
56 92 59
8 58 1
53 90 67
30 41 28
86 98 75
20 46 39
24 89 95
0 10 42
42 93 63
81 16 88
79 37 2
73 94 6
69 77 100
32 74 85
64 25 83
34 68 35
8 31 78
82 35 76
13 64 42
19 54 59
96 23 79
97 58 73
24 57 9
37 43 86
95 95 17
3 66 73
3 83 27
3 22 39
65 34 26
93 26 48
32 81 7
75 23 60
51 26 61
91 86 25
34 59 57
49 18 95
20 24 95
19 95 1
5 5 86
22 45 39
49 78 52
11 69 57
42 67 86
46 74 16
44 27 57
29 2 60
97 87 65
97 48 53
85 96 27
36 87 6
91 5 25
42 8 52
84 26 67
83 89 31
53 48 15
31 40 41
86 14 22
94 29 22
47 32 85
26 7 46
33 36 11
44 26 6
2 36 39
52 71 98
34 10 100
91 47 20
51 72 5
44 4 23
23 100 5
90 78 19
52 68 7
29 16 45
17 24 45
9 77 77
92 3 36
0 54 4
22 28 37
61 9 64
66 15 25
68 45 5
20 39 43
38 6 39
10 72 100
5 85 97
47 25 9
75 37 68
63 75 34
8 92 17
12 3 26
87 70 20
45 3 87
43 99 74
18 95 60
57 76 70
47 1 94
44 71 96
15 73 20
86 92 88
85 2 99
20 28 98
46 69 58
5 97 10
24 98 37
98 80 87
85 16 71
32 94 82
18 57 73
43 47 33
38 42 11
37 87 8
37 77 96
21 1 14
52 69 42
99 3 95
49 47 74
2 76 15
86 54 55
22 42 25
100 26 16
13 69 20
98 31 67
57 92 78
26 63 84
75 30 25
20 46 23
56 22 38
73 43 35
41 12 92
8 44 91
77 46 25
84 79 77
75 28 25
95 22 15
6 90 7
62 24 38
84 63 23
41 54 55
84 32 46
81 4 75
28 44 77
54 8 62
32 46 61
47 8 15
58 20 9
48 64 69
40 31 94
36 60 91
88 64 68
15 14 85
53 86 23
28 95 81
84 90 1
98 13 29
32 14 83
33 12 86
83 27 46
80 2 41
30 83 16
84 69 3
97 96 54
3 53 40
74 73 98
50 22 62
41 48 10
24 8 15
66 96 69
79 40 83
78 21 43
98 39 27
17 73 94
2 57 53
82 20 52
0 99 43
45 4 63
60 57 42
42 67 14
33 18 17
16 81 32
6 74 68
63 39 40
49 35 2
23 74 80
7 52 70
19 23 85
62 46 8
54 99 95
49 11 58
32 98 7
59 30 95
46 60 37
60 2 68
43 41 16
37 24 17
90 63 36
13 98 74
76 78 55
81 8 37
14 58 26
4 87 25
91 2 82
65 18 82
16 96 54
91 83 54
4 78 15
54 86 32
10 32 14
23 36 86
55 55 17
95 59 36
28 100 1
44 68 69
87 37 94
25 43 2
51 66 33
77 67 94
48 39 20
78 92 39
67 94 53
0 68 90
22 89 58
3 38 18
45 19 56
85 7 21
46 13 67
32 67 10
84 38 75
24 57 38
23 79 47
3 96 47
10 9 17
73 41 26
15 74 4
30 64 56
87 63 16
77 76 20
51 9 46
98 41 60
74 86 76
53 5 47
50 58 100
2 1 3
12 55 55
5 34 58
2 67 55
59 82 94
45 24 7
93 81 97
54 72 3
8 78 93
0 92 67
44 60 67
8 88 1
41 67 73
75 18 61
73 32 97
74 32 14
95 62 96
91 59 33
82 32 14
33 58 9
61 6 25
87 12 14
68 88 23
75 55 81
63 43 23
16 66 92
29 75 87
1 42 57
61 65 100
38 36 53
4 17 11
20 98 70
48 55 54
67 67 62
31 90 6
79 6 20
32 77 66
48 16 37
44 5 97
30 61 23
70 93 6
33 56 65
99 70 86
38 96 19
99 77 4
55 94 47
41 26 27
21 61 42
15 70 53
67 14 93
34 67 6
96 46 9
61 30 32
37 59 59
51 34 61
89 74 71
35 87 31
18 22 25
83 56 97
14 65 87
34 29 29
17 6 40
52 71 59
66 30 100
58 16 65
58 91 89
55 71 19
35 57 4
52 33 14
66 69 9
71 81 41
3 75 98
99 58 92
52 23 15
8 7 32
48 86 21
28 58 46
96 10 58
49 22 17
44 65 58
2 35 88
73 60 73
46 65 73
93 54 6
9 76 39
47 2 34
100 31 11
47 71 80
2 100 54
46 54 18
72 73 82
48 77 79
41 5 75
99 13 4
4 47 5
7 84 93
85 71 33
96 97 9
0 71 40
59 78 24
36 17 39
4 95 82
16 66 96
50 42 68
84 24 17
31 9 97
30 15 68
100 28 10
77 97 48
53 80 34
12 7 78
99 60 89
