100
2 1
100 20
200 10
2 2
100 20
200 10
3 2
100 10
100 10
100 10
4 2
9 3
7 1
10 1
8 4
1 1
1 1
7 5
232030 815442
462231 967468
691528 240577
118235 229257
236632 500075
742415 599349
241472 452790
8 5
87516 39606
644028 5382
10332 335478
46002 75348
3588 966042
8118 426972
124476 27846
22386 154836
9 5
160433 40392
59598 108732
30186 214676
119196 54366
962598 6732
20664 313599
11726 552636
10062 644028
119884 54054
5 1
685 92198
14245 158311
529655 741206
618663 746037
947095 227780
7 3
3748 359805
3906 360426
16230 22
3018 300376
12250 56
3597 331500
3129 323806
2 1
3763 309215
11860 36
9 4
75794 561489
433164 98248
222381 191372
79030 538498
126585 336197
92210 461528
59403 716420
69900 608834
243315 174907
9 4
3064 320663
3089 342363
13638 33
3347 354790
15661 95
3696 367617
3642 384075
3443 361543
3125 320378
6 4
21214 2083
24209 2384
274769 85
228013 66
28739 2481
21879 2611
7 2
412121 194112
178822 447359
644773 124071
977751 81818
712877 112218
206630 387154
475828 168123
5 2
3489 345665
14593 64
3137 367821
11772 36
3415 398049
3 1
674699 358159
496259 546341
257627 190358
7 4
21156 988218
97911 213528
851529 24552
729882 28644
56826 367908
102641 203688
567686 36828
5 3
755130 17763
13686 980080
69622 192660
697850 19221
226199 59299
7 4
528264 17157
384076 23598
924462 9804
21672 418209
71079 127512
456918 19836
354844 25542
2 1
751051 812283
148190 765268
8 6
223814 57
22768 2712
26010 2367
25724 2614
21709 2006
27055 2574
24005 2403
233251 67
3 1
71045 413442
51943 565485
43560 674311
9 3
250004 2
28669 2975
24839 2497
24643 2458
287914 75
20709 2463
26104 2481
27839 2034
29861 2080
7 4
58548 695826
132804 306762
282982 143964
183396 222138
898884 45322
75516 539478
151032 269739
7 2
857415 28558
689923 35491
417459 58655
877322 27910
41463 590552
213013 114951
80878 302753
6 1
359368 132018
84162 563711
153871 308330
451224 105143
377617 125638
107085 443041
9 3
3736 361633
3827 344562
3042 383473
18465 27
3223 369827
11980 63
3392 341132
3285 340541
3773 320189
10 5
580810 642331
701618 210073
326416 13582
481745 842188
991075 887662
27898 531065
163279 204399
403532 895987
904725 630850
101654 154907
5 3
5016 403767
721259 2808
47502 42636
160776 12597
730626 2772
7 4
27513 2602
299787 95
26581 2150
21856 2656
25055 2025
27254 2441
247464 57
6 3
473466 159583
483414 156299
158514 476659
266005 284044
449619 168047
89282 846275
6 2
13323 80
3704 384891
3729 379166
3964 312813
3264 382445
14962 31
8 5
48433 115128
515151 10824
317016 17589
35178 158508
10989 507416
134316 41514
612612 9102
190281 29304
10 6
3834 303588
18383 61
3438 306947
3535 309943
3807 395139
3413 389529
14257 57
14885 63
3804 315079
3283 308491
2 1
3623 316318
10707 31
9 4
27815 2919
26042 2880
283593 74
27749 2029
27597 2728
21284 2445
200687 67
25260 2152
27490 2905
7 1
3982 362089
3166 315994
3635 372213
14868 28
14735 90
3975 382419
3642 399043
4 3
34314 436356
720936 20769
890568 16813
19964 750006
7 2
274484 130531
945032 280852
519708 644524
275112 345900
573337 312278
741642 848862
370723 914053
6 1
3397 345554
3331 399574
3426 309516
10705 99
3910 367968
10746 28
8 5
20778 2941
22527 2094
276401 23
20348 2272
21300 2824
204897 73
25650 2119
26126 2592
5 1
28533 2545
256530 59
20267 2129
28936 2623
206001 9
3 2
29832 523533
809052 963649
192759 171397
10 10
1000000 1000000
1000000 1000000
1000000 1000000
1000000 1000000
1000000 1000000
1000000 1000000
1000000 1000000
1000000 1000000
1000000 1000000
1000000 1000000
9 5
23751 735816
166152 105183
105183 166152
46956 372186
91977 190008
120744 144739
245427 71208
121303 144072
280488 62307
2 1
437033 643880
111566 258802
3 1
790098 71892
806829 996014
692873 582087
10 5
3686 319380
10157 78
3157 331401
3502 368396
15327 93
3846 365089
3066 369358
3596 370383
3168 389482
13693 32
4 3
13603 89
3412 325121
3250 321195
3351 318178
7 1
689445 427710
308360 376821
547999 779169
996871 876187
605940 446884
339229 221520
429725 500116
3 2
199563 67896
73899 183352
27692 489294
3 1
24858 2427
276624 90
29627 2972
9 5
36018 388892
505818 27692
53406 262276
22678 617652
624036 22446
445179 31464
136068 102942
333336 42021
277704 50439
3 1
27796 2574
205718 93
24365 2733
8 2
22205 2334
23708 2420
20573 2229
21135 2796
26781 2449
247217 46
263883 94
29829 2762
7 4
13209 564696
8029 929016
369334 20196
738668 10098
730422 10212
747252 9982
14076 529914
4 1
3605 325390
3178 377337
3669 333830
16646 55
4 2
70807 770906
669963 305542
651613 785662
582833 988993
4 3
593660 66976
95391 416821
72574 547868
570983 69636
6 3
3488 391699
14477 95
3592 379677
3438 397706
3201 389324
12697 59
4 1
10300 16
3177 312465
3295 361468
3597 388380
4 3
3786 380057
17102 90
3262 332343
3971 393053
4 3
34776 717541
976948 25542
768453 32472
254856 97911
10 6
85681 712647
347920 175501
769099 79392
127523 478818
184504 330943
452379 134976
109657 556830
207686 294003
583271 104686
674394 90541
2 1
262829 86
20992 2560
5 3
20346 917306
805677 23165
165948 112466
68366 272994
343882 54273
3 2
59508 378658
81548 276318
25752 875007
9 3
471102 201576
144598 656737
129389 733933
302364 314068
260034 365194
494557 192016
643114 147661
124301 763975
163227 581784
7 3
698666 621155
265962 437271
256395 907342
496755 575242
888478 327339
168239 355641
494040 721992
10 6
551105 426878
462570 814853
306507 67531
73343 331963
964855 496656
372200 207865
531833 329006
665623 929806
29423 457449
850284 993233
3 1
3331 388546
10886 77
3777 318587
10 6
200244 157122
66584 472527
415251 75768
190404 165242
801864 39237
615902 51084
102254 307692
615384 51127
470844 66822
113652 276834
5 3
272204 168336
66942 684499
77783 589097
68173 672139
503447 91016
5 3
99100 548270
811324 66969
74981 724631
347095 156538
711927 76319
5 3
678252 126767
419020 205193
585998 146724
607096 141625
223313 385020
9 5
130548 113274
61318 241164
55986 264132
59598 248124
82302 179676
31992 462231
25172 587466
74648 198099
30659 482328
6 3
21825 2110
20953 2767
27425 2916
23011 2869
295596 18
253058 68
9 5
731774 786994
371640 399628
576429 28567
127893 358744
100682 358502
440170 60392
152405 614813
225801 1720
407950 997312
10 6
51359 343656
28014 630036
27434 643356
271469 65016
292744 60291
18216 968919
120582 146372
61272 288057
44548 396198
66033 267288
5 3
184008 56637
25704 405449
31416 331731
99876 104346
565964 18414
5 3
22739 2225
277407 83
25339 2639
22755 2600
299986 57
9 2
220796 643169
224116 679074
428550 766433
206982 123701
666916 679658
124695 959051
357155 652471
252999 664766
67521 274547
9 5
338592 88508
991398 984907
878561 356630
969151 363644
897149 672223
539327 192221
897676 136616
986097 673320
950175 579737
7 1
688854 737886
712239 336051
667369 708783
912306 437057
372322 53389
105915 603845
785936 78521
6 1
293216 1
22412 2361
20544 2935
22149 2096
23307 2940
217524 59
10 2
88791 658226
81966 713034
142870 409075
884264 66094
96001 608791
462407 126392
153689 380278
267042 218859
181440 322115
442306 132136
7 5
313855 82405
694949 37216
229469 112709
359521 71938
325021 79574
42135 613818
641624 40309
9 3
3854 343737
14876 71
3050 394672
3398 301165
3972 308412
3171 351806
14273 60
3755 338275
3326 324738
3 1
222572 79
27682 2499
29205 2961
3 1
287264 67
29750 2381
25542 2296
4 2
3206 331164
3140 306948
13544 7
3196 379951
10 7
20537 2129
26383 2267
23573 2419
20909 2839
219542 71
27177 2152
276147 42
22562 2947
21435 2576
257061 57
6 4
205128 53751
94392 116809
160839 68552
191142 57684
302841 36408
61864 178227
6 2
116293 262607
388764 78555
34623 882054
99304 307534
402692 75838
195661 156083
10 3
678953 544790
185033 780481
332458 667772
738890 363173
760373 524990
828717 421671
587076 536621
750195 153210
89952 284316
771360 625160
9 5
245680 67
28363 2738
29641 2940
20440 2648
20250 2303
287705 32
21516 2439
23108 2123
29639 2890
3 2
408667 48424
33152 596926
136898 144555
7 1
365906 259042
609310 605126
668868 234671
362424 382657
718291 882639
684554 262342
18011 355186
4 1
55383 639093
223430 158416
406777 87013
199263 177629
