100
4 4
1.4000
0.5000 0.7000 0.8000 0.6000
2 2
1.0000
0.0000 0.0000
2 2
0.0000
0.9000 0.8000
2 2
0.1000
0.4000 0.5000
46 46
16.7190
0.9186 0.3288 0.3895 0.6892 0.5231 0.5976 0.3254 0.3928 0.1389 0.2632 0.4040 0.8410 0.4268 0.4123 0.6312 0.8983 0.7214 0.8831 0.6977 0.1006 0.1484 0.8500 0.8349 0.9563 0.9295 0.9537 0.9951 0.0026 0.0178 0.2116 0.7727 0.9692 0.2925 0.4801 0.5123 0.4066 0.1002 0.7172 0.9327 0.4922 0.2035 0.8189 0.9531 0.4208 0.3635 0.2123
50 50
0.0000
0.8700 0.8700 0.8700 0.8700 0.8700 0.8700 0.8700 0.8700 0.8700 0.8700 0.8700 0.8700 0.8700 0.8700 0.8700 0.8700 0.8700 0.8700 0.8700 0.8700 0.8700 0.8700 0.8700 0.8700 0.8700 0.8700 0.8700 0.8700 0.8700 0.8700 0.8700 0.8700 0.8700 0.8700 0.8700 0.8700 0.8700 0.8700 0.8700 0.8700 0.8700 0.8700 0.8700 0.8700 0.8700 0.8700 0.8700 0.8700 0.8700 0.8700
45 45
20.6301
0.5010 0.1789 0.9761 0.9339 0.5609 0.2740 0.2159 0.7422 0.8893 0.7924 0.0986 0.5119 0.3345 0.2580 0.0407 0.2178 0.7492 0.3434 0.9982 0.1003 0.5612 0.1440 0.7707 0.7370 0.4686 0.6615 0.6778 0.3673 0.7565 0.5780 0.3101 0.5986 0.1027 0.1436 0.4888 0.1770 0.6361 0.6706 0.6593 0.5681 0.9206 0.6161 0.0120 0.8336 0.7682
50 50
23.5637
0.0539 0.9014 0.0503 0.7392 0.3806 0.3506 0.4545 0.1395 0.2431 0.8771 0.7188 0.3502 0.2785 0.5290 0.0998 0.1142 0.7908 0.9749 0.2723 0.5641 0.1264 0.1734 0.4471 0.4527 0.5260 0.4303 0.3138 0.1713 0.2764 0.5219 0.5473 0.0161 0.3611 0.7285 0.1053 0.4398 0.0504 0.1766 0.9175 0.9853 0.5332 0.6793 0.4342 0.5364 0.9466 0.0693 0.4536 0.8143 0.7935 0.4050
45 45
17.5382
0.7261 0.0357 0.9074 0.6470 0.4947 0.9171 0.2733 0.3714 0.3965 0.6209 0.4097 0.5560 0.9340 0.0193 0.5064 0.3439 0.7938 0.2507 0.0249 0.2062 0.3515 0.5649 0.4113 0.8394 0.0824 0.4882 0.0729 0.8884 0.5420 0.4677 0.2756 0.1151 0.3751 0.3853 0.0637 0.9365 0.4711 0.9031 0.9069 0.5174 0.7761 0.5320 0.4075 0.4590 0.0844
46 46
15.4812
0.0312 0.3326 0.8125 0.9890 0.8977 0.0238 0.0680 0.6329 0.4530 0.7342 0.1941 0.4836 0.2533 0.9986 0.9958 0.1017 0.8829 0.0645 0.0438 0.8826 0.2569 0.8499 0.8129 0.9418 0.9483 0.6057 0.4294 0.8031 0.5831 0.1846 0.0002 0.2563 0.5102 0.4349 0.0227 0.5220 0.2561 0.1555 0.8837 0.0094 0.9375 0.0946 0.5313 0.5590 0.9296 0.4894
46 46
17.4034
0.8949 0.2559 0.6984 0.3766 0.9785 0.4699 0.5035 0.2507 0.0690 0.9649 0.6579 0.6635 0.9569 0.4820 0.5896 0.5853 0.2673 0.4813 0.5205 0.5896 0.6873 0.8526 0.0136 0.3477 0.6642 0.5662 0.7688 0.4078 0.2140 0.2281 0.5667 0.1389 0.9885 0.5459 0.3669 0.5883 0.6680 0.3922 0.1051 0.1126 0.0532 0.7653 0.8145 0.9939 0.5594 0.9975
50 50
33.3350
0.3333 0.3333 0.3333 0.3333 0.3333 0.3333 0.3333 0.3333 0.3333 0.3333 0.3333 0.3333 0.3333 0.3333 0.3333 0.3333 0.3333 0.3333 0.3333 0.3333 0.3333 0.3333 0.3333 0.3333 0.3333 0.3333 0.3333 0.3333 0.3333 0.3333 0.3333 0.3333 0.3333 0.3333 0.3333 0.3333 0.3333 0.3333 0.3333 0.3333 0.3333 0.3333 0.3333 0.3333 0.3333 0.3333 0.3333 0.3333 0.3333 0.3333
48 48
24.0287
0.7585 0.2370 0.0864 0.6720 0.1404 0.9448 0.7359 0.5800 0.8767 0.6239 0.0279 0.1086 0.0728 0.2301 0.1691 0.7743 0.1699 0.1921 0.0841 0.0717 0.2427 0.3470 0.2825 0.2310 0.7934 0.0103 0.5785 0.6731 0.5493 0.6706 0.4015 0.9764 0.2076 0.6179 0.8730 0.2508 0.1213 0.2944 0.8397 0.6829 0.5016 0.9484 0.5135 0.3324 0.1122 0.2788 0.2044 0.4137
48 48
16.7440
0.0741 0.6050 0.7112 0.3942 0.9245 0.5324 0.8186 0.2823 0.5053 0.6627 0.3128 0.2282 0.9621 0.1528 0.1777 0.1831 0.8650 0.5880 0.1270 0.6557 0.4677 0.2739 0.3548 0.2454 0.5033 0.3057 0.2359 0.0521 0.2144 0.9035 0.9982 0.2341 0.1939 0.4450 0.8025 0.3590 0.8535 0.5326 0.5327 0.3057 0.7468 0.6835 0.7209 0.4826 0.5651 0.8629 0.8771 0.5620
49 49
17.8971
0.5753 0.4712 0.6686 0.6134 0.9303 0.4635 0.2789 0.3477 0.7327 0.2722 0.0970 0.7638 0.2336 0.4369 0.2248 0.1730 0.7462 0.6666 0.4457 0.5146 0.8272 0.7582 0.9528 0.5264 0.8874 0.5226 0.5671 0.2960 0.1488 0.0951 0.2827 0.9835 0.8915 0.6552 0.9919 0.9147 0.4794 0.3807 0.7275 0.6440 0.6274 0.5802 0.4518 0.0728 0.6783 0.6411 0.1296 0.2162 0.8713
46 46
15.9598
0.2828 0.9605 0.9474 0.3847 0.1576 0.6666 0.8774 0.5381 0.4070 0.2271 0.8402 0.7508 0.6743 0.3086 0.3886 0.2282 0.5529 0.5403 0.7879 0.4134 0.8936 0.7323 0.7815 0.9944 0.1192 0.4883 0.2621 0.1622 0.6090 0.8396 0.2872 0.7775 0.3158 0.0035 0.3685 0.5435 0.1862 0.5011 0.2109 0.6435 0.6162 0.7202 0.6344 0.0627 0.1562 0.4745
50 50
15.7704
0.3030 0.5944 0.7468 0.6104 0.0237 0.1702 0.4984 0.6159 0.7397 0.9548 0.4467 0.7720 0.2477 0.5927 0.9635 0.3085 0.0159 0.1514 0.4813 0.6317 0.8837 0.0359 0.8921 0.5439 0.4230 0.9895 0.7654 0.9817 0.8555 0.8956 0.7493 0.8193 0.6494 0.3339 0.9135 0.2852 0.4597 0.6342 0.9241 0.2259 0.8731 0.6529 0.8957 0.0592 0.3158 0.3184 0.8196 0.0539 0.7327 0.6118
47 47
24.7747
0.0725 0.4519 0.1822 0.4289 0.4642 0.4085 0.7823 0.4898 0.0162 0.8896 0.1431 0.8798 0.6212 0.2401 0.2988 0.1917 0.3791 0.4382 0.9046 0.9205 0.2551 0.4229 0.2925 0.1561 0.1287 0.6220 0.2854 0.7773 0.2985 0.0477 0.8618 0.2180 0.7703 0.5479 0.5786 0.7853 0.6928 0.2321 0.6763 0.5215 0.1082 0.9850 0.8901 0.1772 0.0851 0.2493 0.2993
49 49
2.2603
0.7064 0.7809 0.6125 0.4795 0.5337 0.4379 0.5154 0.8691 0.8354 0.0706 0.2235 0.3106 0.6873 0.4266 0.7001 0.5347 0.8491 0.1160 0.7932 0.6047 0.1679 0.4581 0.8378 0.5509 0.7444 0.7213 0.1762 0.8561 0.7961 0.6857 0.5095 0.9229 0.2368 0.4606 0.5352 0.0852 0.7481 0.2017 0.7694 0.2062 0.2869 0.4856 0.5165 0.2831 0.1329 0.3850 0.3545 0.6942 0.0739
49 49
22.6254
0.0604 0.0279 0.4989 0.6695 0.6235 0.6621 0.5497 0.9692 0.0419 0.5672 0.6098 0.6785 0.4746 0.8959 0.8357 0.5491 0.6900 0.5718 0.0660 0.1764 0.6201 0.3389 0.5183 0.5103 0.8486 0.2403 0.4323 0.7483 0.3093 0.9506 0.3687 0.1341 0.6785 0.0952 0.5534 0.6777 0.1793 0.0238 0.4560 0.0023 0.7118 0.9257 0.1108 0.3339 0.9248 0.1922 0.5505 0.9213 0.6661
1 1
0.3333
0.5000
47 47
16.6647
0.6029 0.7583 0.3861 0.0289 0.3342 0.7748 0.4501 0.7929 0.5700 0.2967 0.5058 0.4428 0.2418 0.3650 0.3456 0.5371 0.7182 0.8190 0.0748 0.0950 0.3747 0.5707 0.5502 0.9803 0.5589 0.4784 0.0058 0.1053 0.0039 0.2707 0.2476 0.0034 0.2105 0.8502 0.8360 0.5447 0.4355 0.8184 0.4144 0.9036 0.1090 0.8261 0.0097 0.8898 0.4951 0.8805 0.6987
45 45
19.3542
0.6820 0.5580 0.1844 0.4579 0.9005 0.9979 0.5514 0.3521 0.9027 0.2153 0.7240 0.3159 0.1834 0.0810 0.2667 0.1416 0.0271 0.3705 0.9806 0.8187 0.8963 0.0590 0.9018 0.5922 0.6865 0.2541 0.2931 0.5027 0.0803 0.1201 0.3850 0.7650 0.5411 0.7821 0.5984 0.4129 0.4044 0.6390 0.8314 0.4201 0.1793 0.0245 0.3882 0.4158 0.5289
49 49
21.2538
0.4345 0.3008 0.3084 0.9173 0.5013 0.7191 0.0994 0.2966 0.6056 0.6466 0.9185 0.6866 0.2665 0.1964 0.8289 0.1194 0.3782 0.7985 0.0996 0.0329 0.8965 0.2681 0.1547 0.0511 0.4092 0.5113 0.6732 0.2802 0.0047 0.1618 0.9816 0.0500 0.6940 0.0198 0.3062 0.6428 0.5153 0.2684 0.2759 0.7817 0.8711 0.4416 0.8349 0.6076 0.3202 0.0018 0.9697 0.0810 0.8851
50 50
21.9886
0.7427 0.3495 0.4521 0.6724 0.3412 0.9161 0.5295 0.7720 0.4749 0.4683 0.0886 0.5752 0.3741 0.6286 0.7872 0.1830 0.1420 0.7857 0.9419 0.5448 0.8003 0.2599 0.3742 0.3389 0.5678 0.1497 0.2706 0.3628 0.2719 0.7112 0.9636 0.3685 0.3409 0.9912 0.8065 0.9149 0.2403 0.1571 0.5890 0.7259 0.6910 0.3219 0.8563 0.8180 0.1935 0.1268 0.3709 0.4150 0.6631 0.8735
50 50
0.0000
0.9999 0.9999 0.9999 0.9999 0.9999 0.9999 0.9999 0.9999 0.9999 0.9999 0.9999 0.9999 0.9999 0.9999 0.9999 0.9999 0.9999 0.9999 0.9999 0.9999 0.9999 0.9999 0.9999 0.9999 0.9999 0.9999 0.9999 0.9999 0.9999 0.9999 0.9999 0.9999 0.9999 0.9999 0.9999 0.9999 0.9999 0.9999 0.9999 0.9999 0.9999 0.9999 0.9999 0.9999 0.9999 0.9999 0.9999 0.9999 0.9999 0.9999
2 2
0.3333
0.5000 0.5000
49 49
18.2288
0.5753 0.2138 0.9330 0.8962 0.7141 0.5018 0.3173 0.1964 0.7101 0.7257 0.0740 0.9053 0.0797 0.7054 0.4932 0.5573 0.2973 0.1157 0.7878 0.4479 0.0258 0.2683 0.9610 0.4908 0.7880 0.4875 0.0194 0.0710 0.3469 0.1775 0.7403 0.9222 0.1526 0.2810 0.6776 0.8797 0.4271 0.1205 0.8034 0.7022 0.7445 0.3476 0.3096 0.5656 0.1006 0.2189 0.1020 0.8825 0.3373
45 45
12.6171
0.9612 0.0163 0.4801 0.8225 0.3847 0.8538 0.8350 0.9330 0.7325 0.2780 0.1908 0.7385 0.9686 0.8784 0.4686 0.0311 0.3616 0.7329 0.5376 0.7650 0.0691 0.7148 0.4904 0.9130 0.7892 0.2842 0.9383 0.2463 0.9450 0.9455 0.4551 0.1005 0.3418 0.6778 0.6885 0.9403 0.6958 0.4306 0.3081 0.9529 0.8946 0.4546 0.7164 0.6573 0.0918
50 50
16.7844
0.0206 0.4996 0.2067 0.8968 0.7079 0.8948 0.4906 0.9705 0.1605 0.8846 0.7294 0.4240 0.6884 0.8460 0.9895 0.1915 0.5260 0.0450 0.9345 0.6618 0.6394 0.9761 0.3631 0.2394 0.3482 0.7361 0.7514 0.2198 0.4946 0.2685 0.2827 0.2051 0.0945 0.0392 0.8506 0.1174 0.5192 0.9186 0.1400 0.6987 0.2288 0.0476 0.1211 0.5832 0.1439 0.3335 0.6135 0.9360 0.9730 0.2171
50 50
20.5804
0.1572 0.2535 0.0978 0.3784 0.2506 0.0317 0.3270 0.3050 0.1285 0.3669 0.6669 0.7740 0.5834 0.9817 0.2942 0.1119 0.3114 0.5092 0.4325 0.0076 0.2495 0.5977 0.6509 0.8402 0.8088 0.0365 0.3379 0.5160 0.4233 0.6874 0.9423 0.4550 0.6127 0.9380 0.8676 0.9553 0.8210 0.1330 0.7996 0.4304 0.0319 0.4310 0.2261 0.1981 0.6083 0.3866 0.9563 0.0269 0.6481 0.0143
48 48
21.4319
0.1014 0.1471 0.1223 0.9774 0.1257 0.0622 0.6678 0.9792 0.1315 0.2324 0.3507 0.7942 0.6932 0.4625 0.3721 0.5556 0.2941 0.0232 0.0829 0.1511 0.0620 0.9572 0.8874 0.0848 0.5040 0.4253 0.4037 0.9824 0.5984 0.4235 0.9114 0.0773 0.1815 0.6158 0.6148 0.9609 0.6858 0.1167 0.9204 0.5649 0.3529 0.6429 0.1029 0.0280 0.5548 0.2626 0.6180 0.7943
50 50
0.6901
0.7417 0.8265 0.2683 0.9438 0.0932 0.2215 0.6759 0.0863 0.5154 0.2187 0.7951 0.0507 0.7205 0.2443 0.8871 0.9318 0.8091 0.1090 0.5109 0.2665 0.2791 0.8928 0.1546 0.6986 0.7742 0.3483 0.0539 0.8733 0.7287 0.0770 0.8764 0.3724 0.5983 0.1761 0.2108 0.3158 0.3512 0.1842 0.3337 0.7255 0.0857 0.6196 0.3303 0.6598 0.5160 0.7744 0.9926 0.6915 0.9641 0.1224
46 46
14.9892
0.4779 0.4843 0.1724 0.0126 0.8181 0.5416 0.7711 0.6786 0.3498 0.4693 0.7354 0.0140 0.5874 0.0460 0.4437 0.9510 0.4494 0.3023 0.5857 0.7992 0.3427 0.8522 0.5434 0.5805 0.1943 0.5853 0.6004 0.6027 0.3973 0.7270 0.3631 0.0979 0.8991 0.7970 0.8584 0.6237 0.2696 0.3626 0.2908 0.8115 0.5933 0.7554 0.7378 0.8317 0.1179 0.3573
50 50
50.0000
0.0000 0.0000 0.0000 0.0000 0.0000 0.0000 0.0000 0.0000 0.0000 0.0000 0.0000 0.0000 0.0000 0.0000 0.0000 0.0000 0.0000 0.0000 0.0000 0.0000 0.0000 0.0000 0.0000 0.0000 0.0000 0.0000 0.0000 0.0000 0.0000 0.0000 0.0000 0.0000 0.0000 0.0000 0.0000 0.0000 0.0000 0.0000 0.0000 0.0000 0.0000 0.0000 0.0000 0.0000 0.0000 0.0000 0.0000 0.0000 0.0000 0.0000
50 50
20.8324
0.8154 0.7225 0.8872 0.2894 0.0392 0.0820 0.2727 0.9143 0.6969 0.5148 0.8899 0.0436 0.5591 0.1309 0.9863 0.4369 0.3277 0.0991 0.4127 0.7253 0.1248 0.1445 0.2552 0.9340 0.1565 0.4109 0.5123 0.3713 0.6791 0.9620 0.0242 0.2496 0.1967 0.5241 0.5022 0.3624 0.8036 0.0610 0.9041 0.4163 0.7858 0.4973 0.8372 0.2228 0.3691 0.3437 0.4064 0.1188 0.8243 0.9907
49 49
20.9129
0.4726 0.5889 0.8967 0.0399 0.6972 0.7275 0.8290 0.0152 0.7038 0.7828 0.9689 0.2473 0.8386 0.4002 0.1255 0.4427 0.1279 0.5675 0.2964 0.1962 0.8120 0.9283 0.8388 0.5493 0.3411 0.3035 0.7736 0.3592 0.7155 0.8535 0.2291 0.6250 0.1518 0.3016 0.4638 0.2876 0.5188 0.8736 0.5844 0.9908 0.1231 0.2390 0.1762 0.0183 0.0297 0.3710 0.9983 0.2562 0.3766
48 48
19.6556
0.1694 0.9067 0.1049 0.4637 0.0320 0.0280 0.5555 0.4299 0.7352 0.7468 0.8057 0.4306 0.7684 0.1510 0.7548 0.4522 0.5391 0.3837 0.1973 0.7937 0.0998 0.2068 0.5218 0.9375 0.2024 0.6718 0.2261 0.0710 0.2932 0.4745 0.9047 0.8572 0.3167 0.5733 0.6345 0.0175 0.5480 0.4185 0.7105 0.7286 0.6443 0.3893 0.2378 0.6765 0.3061 0.1599 0.8152 0.1319
47 47
22.2574
0.2890 0.4103 0.2135 0.4361 0.0870 0.7714 0.0640 0.0495 0.2992 0.7868 0.2757 0.0889 0.9540 0.4690 0.8574 0.4258 0.8783 0.3481 0.6435 0.2986 0.5302 0.9281 0.4046 0.3610 0.6650 0.4259 0.6894 0.6080 0.9212 0.1199 0.4013 0.3901 0.8702 0.6290 0.5221 0.7834 0.7686 0.4729 0.0745 0.6078 0.8457 0.6128 0.8007 0.4369 0.5908 0.1924 0.4653
48 48
15.3359
0.0423 0.0973 0.4964 0.8142 0.1886 0.9050 0.2189 0.6155 0.2605 0.1595 0.9871 0.4290 0.5605 0.6575 0.9111 0.4126 0.9040 0.9843 0.8020 0.9416 0.9423 0.5337 0.2958 0.7892 0.3623 0.0599 0.4659 0.4124 0.2448 0.6247 0.8725 0.8829 0.2658 0.1382 0.6839 0.8367 0.9349 0.9994 0.6091 0.2625 0.2009 0.4667 0.9704 0.8273 0.1885 0.2621 0.4223 0.6747
1 1
1.0000
0.0000
50 50
0.0000
1.0000 1.0000 1.0000 1.0000 1.0000 1.0000 1.0000 1.0000 1.0000 1.0000 1.0000 1.0000 1.0000 1.0000 1.0000 1.0000 1.0000 1.0000 1.0000 1.0000 1.0000 1.0000 1.0000 1.0000 1.0000 1.0000 1.0000 1.0000 1.0000 1.0000 1.0000 1.0000 1.0000 1.0000 1.0000 1.0000 1.0000 1.0000 1.0000 1.0000 1.0000 1.0000 1.0000 1.0000 1.0000 1.0000 1.0000 1.0000 1.0000 1.0000
45 45
19.7247
0.0896 0.7539 0.6252 0.1559 0.2171 0.8469 0.2755 0.0705 0.9422 0.5143 0.7723 0.5146 0.8326 0.1764 0.9242 0.6496 0.8106 0.3184 0.4998 0.2356 0.1002 0.8429 0.3966 0.3008 0.5107 0.3000 0.3369 0.4568 0.6794 0.4089 0.4272 0.3846 0.2107 0.7950 0.5356 0.9776 0.6489 0.0738 0.2091 0.7331 0.6572 0.2474 0.0310 0.4601 0.8938
50 50
15.4011
0.5074 0.7420 0.5841 0.4890 0.3740 0.8422 0.9859 0.1124 0.9396 0.2102 0.7761 0.6980 0.5192 0.5341 0.5265 0.6648 0.7176 0.3087 0.1651 0.3263 0.3771 0.8552 0.6802 0.1537 0.1216 0.2038 0.1272 0.8031 0.7335 0.0149 0.7522 0.6112 0.6119 0.5339 0.0035 0.5759 0.9950 0.8401 0.1026 0.6202 0.7033 0.6469 0.9294 0.9695 0.5968 0.4170 0.7426 0.6794 0.1099 0.6249
1 1
0.0000
1.0000
47 47
20.5366
0.9800 0.2808 0.0477 0.9025 0.4739 0.4924 0.0751 0.6761 0.0258 0.0380 0.1356 0.9705 0.8716 0.1326 0.5691 0.7955 0.8081 0.3094 0.3014 0.7600 0.5644 0.3577 0.0812 0.3589 0.4366 0.3590 0.6027 0.8886 0.6888 0.7266 0.0334 0.6962 0.3280 0.2926 0.2944 0.8357 0.1677 0.3380 0.7326 0.3311 0.8232 0.1951 0.5965 0.0757 0.5937 0.2174 0.4639
47 47
0.5837
0.6131 0.3682 0.7012 0.8003 0.6248 0.0082 0.0343 0.4186 0.4499 0.7335 0.9137 0.8738 0.5956 0.4096 0.7619 0.8177 0.2756 0.3602 0.2637 0.3950 0.4740 0.2916 0.5064 0.6696 0.1457 0.9160 0.7970 0.0304 0.7999 0.5603 0.8283 0.3793 0.3154 0.8867 0.6586 0.5373 0.8207 0.5646 0.5026 0.7741 0.1291 0.9918 0.1213 0.8463 0.6048 0.7167 0.2976
49 49
17.1273
0.2108 0.8235 0.6823 0.4769 0.4543 0.4152 0.6453 0.6794 0.6498 0.7027 0.2577 0.9436 0.7067 0.9813 0.6898 0.6764 0.6473 0.6473 0.8401 0.4789 0.3052 0.1440 0.7175 0.0328 0.3601 0.1621 0.7241 0.1316 0.9551 0.7322 0.1100 0.3027 0.8434 0.6157 0.8561 0.2236 0.7185 0.7091 0.2094 0.3643 0.6961 0.1374 0.3383 0.7656 0.1105 0.7011 0.9231 0.9740 0.4273
50 50
25.0363
0.6522 0.5024 0.2156 0.9139 0.3386 0.5586 0.1578 0.2374 0.0390 0.4434 0.2517 0.0798 0.4160 0.8053 0.0871 0.6482 0.8352 0.7146 0.6608 0.7736 0.5245 0.4206 0.2887 0.0829 0.9562 0.8968 0.3982 0.3459 0.3188 0.6466 0.4855 0.5667 0.8067 0.4930 0.1041 0.0545 0.9149 0.0173 0.5204 0.3702 0.5907 0.5748 0.1785 0.1334 0.0174 0.5029 0.9657 0.9800 0.1701 0.3069
50 50
24.6392
0.1723 0.6635 0.9266 0.0751 0.7649 0.7913 0.7385 0.1516 0.4985 0.0401 0.2313 0.6650 0.3768 0.0322 0.8593 0.0018 0.7337 0.3463 0.1094 0.7898 0.8379 0.0361 0.1055 0.6386 0.1229 0.9227 0.2933 0.2253 0.7713 0.3102 0.9381 0.6970 0.8480 0.5889 0.0673 0.3432 0.1152 0.0422 0.4880 0.2750 0.0248 0.2190 0.0575 0.4464 0.6524 0.1683 0.5330 0.5203 0.8825 0.4863
49 49
23.2139
0.0992 0.6680 0.8617 0.2515 0.0529 0.7061 0.6033 0.6453 0.7943 0.0270 0.6804 0.4881 0.1181 0.7110 0.0411 0.1109 0.1322 0.1821 0.1353 0.6992 0.1472 0.6336 0.0710 0.6312 0.8354 0.3529 0.4181 0.2974 0.5202 0.3573 0.7951 0.5477 0.1035 0.2374 0.0860 0.6602 0.0471 0.1104 0.1455 0.9063 0.3044 0.9722 0.8177 0.5366 0.6231 0.8940 0.6555 0.2729 0.5170
50 50
0.0049
0.9999 0.9999 0.9999 0.9999 0.9999 0.9999 0.9999 0.9999 0.9999 0.9999 0.9999 0.9999 0.9999 0.9999 0.9999 0.9999 0.9999 0.9999 0.9999 0.9999 0.9999 0.9999 0.9999 0.9999 0.9999 0.9999 0.9999 0.9999 0.9999 0.9999 0.9999 0.9999 0.9999 0.9999 0.9999 0.9999 0.9999 0.9999 0.9999 0.9999 0.9999 0.9999 0.9999 0.9999 0.9999 0.9999 0.9999 0.9999 0.9999 0.9999
46 46
14.3413
0.7972 0.4267 0.9166 0.8314 0.5698 0.0462 0.4678 0.9944 0.9463 0.2726 0.9106 0.2088 0.7539 0.7996 0.3471 0.1984 0.9274 0.9256 0.9701 0.9096 0.6225 0.9279 0.4607 0.1597 0.2502 0.8236 0.1133 0.4476 0.9719 0.4069 0.7458 0.0629 0.2430 0.9348 0.9258 0.1346 0.6807 0.4467 0.5760 0.0502 0.2890 0.2316 0.5296 0.3026 0.3258 0.3812
47 47
15.9684
0.9935 0.3634 0.1011 0.0590 0.7932 0.4193 0.3510 0.1401 0.7138 0.2529 0.9140 0.6871 0.3332 0.9085 0.2905 0.3489 0.0895 0.8239 0.6067 0.1846 0.5418 0.3794 0.0820 0.5091 0.8158 0.9849 0.9923 0.0571 0.3719 0.4709 0.9811 0.6223 0.2691 0.4061 0.1264 0.9920 0.3444 0.0859 0.5710 0.9321 0.6209 0.9188 0.7034 0.3373 0.2373 0.9377 0.1376
50 50
0.0000
0.8765 0.8765 0.8765 0.8765 0.8765 0.8765 0.8765 0.8765 0.8765 0.8765 0.8765 0.8765 0.8765 0.8765 0.8765 0.8765 0.8765 0.8765 0.8765 0.8765 0.8765 0.8765 0.8765 0.8765 0.8765 0.8765 0.8765 0.8765 0.8765 0.8765 0.8765 0.8765 0.8765 0.8765 0.8765 0.8765 0.8765 0.8765 0.8765 0.8765 0.8765 0.8765 0.8765 0.8765 0.8765 0.8765 0.8765 0.8765 0.8765 0.8765
49 49
18.2569
0.9071 0.8013 0.8530 0.7621 0.5136 0.4681 0.3690 0.1249 0.8151 0.0346 0.6921 0.8681 0.8396 0.0724 0.6000 0.2315 0.0569 0.2332 0.6664 0.4189 0.1045 0.3204 0.0872 0.5016 0.0002 0.4498 0.1232 0.8564 0.0892 0.2578 0.0177 0.0421 0.2091 0.6950 0.0567 0.9705 0.7698 0.7439 0.3238 0.9880 0.4994 0.8514 0.1625 0.3829 0.5222 0.2873 0.4830 0.4745 0.0924
4 4
0.0001
0.0000 0.0000 0.0000 0.0000
50 50
18.4955
0.6562 0.1529 0.8242 0.2090 0.7207 0.1110 0.9900 0.5254 0.9616 0.8694 0.4487 0.9360 0.2273 0.3667 0.9356 0.6921 0.4183 0.5969 0.3839 0.8686 0.0287 0.2800 0.9043 0.0163 0.6989 0.9281 0.7260 0.0542 0.9158 0.0108 0.9844 0.0294 0.1730 0.8486 0.2252 0.8054 0.1513 0.3753 0.7103 0.8807 0.0264 0.4122 0.4974 0.5717 0.5588 0.5018 0.0851 0.1380 0.6822 0.4832
47 47
19.2078
0.3707 0.7127 0.3298 0.2530 0.0118 0.9552 0.7953 0.9025 0.6306 0.6006 0.9231 0.5430 0.1078 0.3549 0.9568 0.3401 0.4211 0.8011 0.4234 0.3319 0.2291 0.9413 0.8704 0.2863 0.0833 0.9328 0.5532 0.0801 0.1019 0.4409 0.4136 0.2398 0.7376 0.1295 0.6599 0.0904 0.7520 0.7742 0.4902 0.9096 0.4981 0.3443 0.6485 0.4495 0.9688 0.3625 0.3279
47 47
2.2784
0.5550 0.1427 0.1370 0.7586 0.1305 0.2816 0.9963 0.6506 0.4354 0.7939 0.1005 0.1259 0.4923 0.1028 0.6587 0.5519 0.0239 0.2346 0.3204 0.1902 0.6852 0.3553 0.7958 0.8156 0.8489 0.9917 0.8840 0.6562 0.1539 0.7511 0.6641 0.9460 0.3364 0.8419 0.0708 0.1277 0.1637 0.8278 0.4495 0.6483 0.3084 0.8193 0.1664 0.9056 0.3635 0.9042 0.9770
47 47
16.7264
0.8574 0.2456 0.2696 0.0185 0.1285 0.3468 0.5789 0.4547 0.0652 0.2698 0.7545 0.9664 0.5539 0.2517 0.6931 0.1091 0.4615 0.0812 0.5392 0.5581 0.5804 0.8524 0.5117 0.9264 0.2355 0.4989 0.6720 0.1246 0.8022 0.6042 0.1521 0.5804 0.9238 0.5040 0.9156 0.9499 0.3981 0.2408 0.6567 0.0708 0.2758 0.9814 0.2175 0.9005 0.5274 0.6195 0.4873
48 48
20.0716
0.6215 0.7901 0.1395 0.5551 0.3725 0.4677 0.2723 0.3305 0.2322 0.1166 0.2277 0.0721 0.8818 0.4984 0.6370 0.7358 0.9887 0.3681 0.5845 0.4425 0.5931 0.8541 0.3834 0.5732 0.8745 0.8975 0.3523 0.5553 0.9798 0.2018 0.6035 0.3589 0.8835 0.5842 0.2044 0.0693 0.3213 0.6569 0.6725 0.4855 0.0261 0.4968 0.4017 0.3881 0.0758 0.5649 0.6030 0.7953
45 45
3.5904
0.1847 0.4568 0.3233 0.4654 0.4972 0.4581 0.5127 0.3308 0.3655 0.3448 0.1018 0.7122 0.6697 0.8075 0.4520 0.7248 0.1720 0.3892 0.3028 0.7976 0.9111 0.4031 0.7398 0.2361 0.4820 0.2692 0.5221 0.6942 0.9563 0.3324 0.5679 0.5776 0.8465 0.3880 0.3085 0.1036 0.3252 0.4244 0.2414 0.4465 0.1272 0.8945 0.8268 0.1824 0.7715
48 48
16.2246
0.7725 0.4003 0.9474 0.2908 0.9744 0.5271 0.4907 0.8813 0.1445 0.4861 0.8262 0.6879 0.0976 0.8468 0.4071 0.1192 0.8352 0.1122 0.8669 0.4415 0.3179 0.7731 0.3034 0.3223 0.1854 0.4602 0.5184 0.6072 0.2627 0.5087 0.5202 0.2050 0.0341 0.4949 0.7955 0.9768 0.3184 0.5350 0.7257 0.7472 0.8487 0.5943 0.8283 0.4833 0.6803 0.1691 0.1926 0.7468
46 46
16.3242
0.9796 0.3024 0.6357 0.8052 0.8963 0.5071 0.4902 0.7912 0.8630 0.0833 0.2528 0.5383 0.5524 0.8831 0.8265 0.0053 0.6805 0.3983 0.2187 0.8765 0.2060 0.9123 0.2782 0.0826 0.1900 0.6276 0.2940 0.9351 0.3844 0.7556 0.3166 0.4062 0.3651 0.7328 0.9309 0.9893 0.1571 0.7043 0.2339 0.8885 0.3608 0.6031 0.5614 0.0275 0.9759 0.1742
48 48
18.3658
0.6428 0.4073 0.0392 0.3442 0.9801 0.8872 0.0556 0.8674 0.5971 0.1999 0.0143 0.3427 0.3308 0.5350 0.4404 0.6016 0.0472 0.2879 0.0998 0.3445 0.5735 0.4893 0.4661 0.8101 0.8359 0.0178 0.9964 0.4250 0.3974 0.5214 0.3436 0.8099 0.7480 0.0660 0.1632 0.7916 0.7518 0.1939 0.3046 0.0657 0.5427 0.1642 0.8423 0.5648 0.4093 0.5403 0.7059 0.7475
50 50
19.4579
0.7315 0.7852 0.9870 0.0928 0.2030 0.9413 0.0083 0.7763 0.5209 0.3887 0.6727 0.3024 0.8663 0.6763 0.1326 0.2761 0.3366 0.1417 0.8743 0.4066 0.4456 0.9408 0.0982 0.1907 0.4660 0.7674 0.4633 0.6225 0.3521 0.6826 0.6671 0.6296 0.8219 0.0226 0.1657 0.1551 0.7854 0.9180 0.8867 0.2071 0.3467 0.0376 0.9089 0.4312 0.1897 0.1459 0.3598 0.1845 0.1281 0.4178
45 45
16.4054
0.5212 0.6939 0.8360 0.8190 0.2530 0.8363 0.1368 0.9295 0.7505 0.2019 0.4549 0.6418 0.8711 0.8916 0.6907 0.9264 0.5462 0.3425 0.4753 0.2646 0.6047 0.2274 0.4273 0.7818 0.1111 0.8425 0.2765 0.0671 0.8300 0.7376 0.1853 0.2009 0.5126 0.0103 0.2632 0.3843 0.3802 0.0188 0.6531 0.7660 0.6919 0.7106 0.7231 0.7471 0.5660
49 49
18.0773
0.2169 0.3562 0.9256 0.8514 0.1743 0.1869 0.6846 0.4036 0.0315 0.1307 0.4210 0.4145 0.5358 0.4742 0.5152 0.6853 0.7628 0.3869 0.9004 0.5368 0.1747 0.5197 0.6884 0.1595 0.3816 0.8482 0.4134 0.2653 0.8292 0.3856 0.1796 0.3283 0.4506 0.9679 0.1020 0.7330 0.9075 0.0360 0.4394 0.9703 0.0045 0.4763 0.5674 0.5159 0.1113 0.6524 0.3387 0.6422 0.5007
50 50
17.9077
0.5410 0.5536 0.4010 0.7782 0.9118 0.0045 0.0301 0.1023 0.7488 0.0514 0.9271 0.3247 0.4829 0.9287 0.4313 0.1755 0.5543 0.3788 0.5130 0.2061 0.5906 0.6933 0.1361 0.6016 0.8103 0.9262 0.3137 0.6819 0.3387 0.7925 0.7883 0.1168 0.8285 0.4059 0.7433 0.5858 0.5510 0.7800 0.1720 0.4758 0.5875 0.4300 0.8104 0.8005 0.3231 0.9138 0.2912 0.5906 0.3191 0.7134
50 50
0.0000
0.0000 0.0000 0.0000 0.0000 0.0000 0.0000 0.0000 0.0000 0.0000 0.0000 0.0000 0.0000 0.0000 0.0000 0.0000 0.0000 0.0000 0.0000 0.0000 0.0000 0.0000 0.0000 0.0000 0.0000 0.0000 0.0000 0.0000 0.0000 0.0000 0.0000 0.0000 0.0000 0.0000 0.0000 0.0000 0.0000 0.0000 0.0000 0.0000 0.0000 0.0000 0.0000 0.0000 0.0000 0.0000 0.0000 0.0000 0.0000 0.0000 0.0000
50 50
1.0000
0.0000 0.0000 0.0000 0.0000 0.0000 0.0000 0.0000 0.0000 0.0000 0.0000 0.0000 0.0000 0.0000 0.0000 0.0000 0.0000 0.0000 0.0000 0.0000 0.0000 0.0000 0.0000 0.0000 0.0000 0.0000 0.0000 0.0000 0.0000 0.0000 0.0000 0.0000 0.0000 0.0000 0.0000 0.0000 0.0000 0.0000 0.0000 0.0000 0.0000 0.0000 0.0000 0.0000 0.0000 0.0000 0.0000 0.0000 0.0000 0.0000 0.0000
48 48
18.0775
0.9863 0.8049 0.2115 0.0271 0.3666 0.5033 0.2049 0.1138 0.7152 0.1224 0.3906 0.0739 0.4637 0.9034 0.4806 0.4477 0.6830 0.8939 0.1063 0.9014 0.9445 0.0373 0.6614 0.1435 0.7645 0.0361 0.6388 0.0848 0.5375 0.0101 0.0736 0.5673 0.3180 0.1371 0.7275 0.8276 0.1210 0.9934 0.4836 0.4148 0.5132 0.5794 0.6089 0.1978 0.3497 0.9369 0.5575 0.2333
45 45
16.5718
0.0317 0.1806 0.8217 0.2331 0.2518 0.8541 0.7638 0.9675 0.7577 0.8759 0.6127 0.8975 0.7503 0.7273 0.7649 0.1485 0.7572 0.2853 0.1187 0.7961 0.4237 0.4324 0.9213 0.4399 0.8802 0.3700 0.0755 0.7863 0.4580 0.3745 0.4093 0.9136 0.1221 0.2791 0.4075 0.8537 0.3083 0.7614 0.0487 0.6089 0.4641 0.5487 0.2807 0.2099 0.1299
1 1
0.3333
0.0000
47 47
22.1734
0.1006 0.1255 0.9711 0.7342 0.0379 0.1167 0.0328 0.0062 0.4696 0.4986 0.7035 0.5527 0.0088 0.5620 0.2059 0.5942 0.0824 0.5025 0.7951 0.5092 0.4936 0.9462 0.0543 0.2881 0.8127 0.8253 0.9978 0.9819 0.7601 0.4646 0.8587 0.0788 0.7741 0.7990 0.4495 0.7381 0.9536 0.2132 0.0329 0.6998 0.4422 0.0285 0.8673 0.2490 0.3495 0.0811 0.8896
2 2
0.3333
0.0000 0.0000
46 46
17.5859
0.8148 0.8924 0.5952 0.0382 0.3792 0.8774 0.0161 0.8325 0.0565 0.1294 0.1304 0.8468 0.2200 0.1078 0.7767 0.1500 0.9695 0.5239 0.7511 0.0839 0.9614 0.1390 0.5922 0.9663 0.2595 0.6011 0.7470 0.8536 0.2272 0.3161 0.3395 0.3733 0.0272 0.0872 0.1346 0.1653 0.8690 0.2980 0.2371 0.8347 0.0726 0.5143 0.1084 0.7149 0.6933 0.9310
4 4
1.3999
0.6000 0.7000 0.8000 0.5000
49 49
16.7122
0.4970 0.3275 0.5399 0.7127 0.4508 0.1159 0.6361 0.8420 0.4586 0.2470 0.6978 0.2812 0.5750 0.2521 0.7642 0.9176 0.6285 0.3694 0.7933 0.3762 0.9853 0.0747 0.6324 0.3459 0.2862 0.5404 0.3373 0.3488 0.7098 0.1276 0.0463 0.8151 0.8693 0.2453 0.5644 0.9331 0.4126 0.6737 0.6130 0.1463 0.7869 0.4121 0.2496 0.6278 0.6137 0.8359 0.9085 0.3919 0.1537
45 45
16.7033
0.2217 0.3234 0.8074 0.2968 0.6919 0.7727 0.3439 0.5550 0.1098 0.7213 0.6054 0.0256 0.9393 0.9045 0.7646 0.4243 0.1325 0.6777 0.6327 0.3383 0.1201 0.5039 0.7319 0.4179 0.9728 0.2702 0.8538 0.8308 0.5530 0.3955 0.0106 0.3837 0.0860 0.3659 0.3551 0.1426 0.2189 0.0092 0.8557 0.6451 0.6651 0.4794 0.3480 0.7619 0.2521
1 1
0.5000
0.5000
2 2
0.0000
1.0000 1.0000
46 46
15.2371
0.6425 0.6136 0.8257 0.4736 0.0110 0.2051 0.1899 0.4300 0.1024 0.0880 0.1910 0.8046 0.5479 0.7416 0.9067 0.7011 0.5219 0.6243 0.5430 0.6745 0.1855 0.0593 0.6110 0.6913 0.9150 0.4092 0.0737 0.5774 0.4166 0.0083 0.9952 0.9811 0.7586 0.3387 0.8513 0.2216 0.9480 0.4332 0.2243 0.5818 0.7251 0.6946 0.9758 0.3779 0.0165 0.4140
50 50
0.0000
0.3333 0.3333 0.3333 0.3333 0.3333 0.3333 0.3333 0.3333 0.3333 0.3333 0.3333 0.3333 0.3333 0.3333 0.3333 0.3333 0.3333 0.3333 0.3333 0.3333 0.3333 0.3333 0.3333 0.3333 0.3333 0.3333 0.3333 0.3333 0.3333 0.3333 0.3333 0.3333 0.3333 0.3333 0.3333 0.3333 0.3333 0.3333 0.3333 0.3333 0.3333 0.3333 0.3333 0.3333 0.3333 0.3333 0.3333 0.3333 0.3333 0.3333
50 50
1.0000
0.3333 0.3333 0.3333 0.3333 0.3333 0.3333 0.3333 0.3333 0.3333 0.3333 0.3333 0.3333 0.3333 0.3333 0.3333 0.3333 0.3333 0.3333 0.3333 0.3333 0.3333 0.3333 0.3333 0.3333 0.3333 0.3333 0.3333 0.3333 0.3333 0.3333 0.3333 0.3333 0.3333 0.3333 0.3333 0.3333 0.3333 0.3333 0.3333 0.3333 0.3333 0.3333 0.3333 0.3333 0.3333 0.3333 0.3333 0.3333 0.3333 0.3333
49 49
23.3005
0.2268 0.5686 0.4978 0.4132 0.7039 0.5828 0.6961 0.8753 0.0954 0.3131 0.0633 0.6407 0.0272 0.4987 0.7827 0.1728 0.2367 0.9284 0.9000 0.6022 0.0361 0.2985 0.3780 0.2234 0.3459 0.4222 0.7955 0.4154 0.1412 0.3545 0.1288 0.3627 0.4623 0.3961 0.6445 0.2216 0.2887 0.7297 0.7495 0.0927 0.9850 0.4416 0.8624 0.5279 0.9452 0.7544 0.6014 0.9335 0.1915
45 45
16.6653
0.4872 0.7559 0.1720 0.4317 0.0532 0.9180 0.5934 0.6706 0.8718 0.8398 0.8769 0.4448 0.9523 0.3400 0.8583 0.9609 0.6002 0.6104 0.9314 0.6448 0.6669 0.4398 0.8994 0.3978 0.1081 0.6240 0.0360 0.3719 0.3711 0.2126 0.8747 0.3774 0.5542 0.6082 0.1367 0.4520 0.2922 0.9169 0.5573 0.8324 0.1129 0.2018 0.6073 0.3333 0.3939
46 46
16.9034
0.2178 0.0230 0.4498 0.9732 0.1774 0.7498 0.9224 0.8533 0.2311 0.7165 0.8600 0.7209 0.5383 0.3262 0.5468 0.7908 0.9518 0.6560 0.2451 0.3074 0.9190 0.6453 0.1135 0.7857 0.9538 0.5467 0.6142 0.8155 0.2394 0.5406 0.8624 0.0313 0.7184 0.3325 0.0257 0.4848 0.6083 0.5144 0.9637 0.7807 0.3861 0.4051 0.3466 0.2866 0.2141 0.0637
50 50
16.9315
0.4241 0.4582 0.5554 0.0089 0.5465 0.5284 0.9175 0.3072 0.2847 0.0343 0.7116 0.1119 0.8430 0.0461 0.7482 0.3710 0.8491 0.2912 0.7770 0.0648 0.8358 0.0147 0.7282 0.6055 0.7207 0.3989 0.5677 0.4072 0.5834 0.1828 0.5286 0.9592 0.2970 0.5857 0.8553 0.9126 0.6015 0.3464 0.7309 0.9005 0.4504 0.5310 0.4864 0.7807 0.8800 0.6552 0.6966 0.3948 0.4562 0.9078
2 2
0.5000
0.5000 0.5000
49 49
18.2441
0.7467 0.0855 0.6319 0.3580 0.1208 0.8692 0.3536 0.7245 0.2228 0.1493 0.3259 0.6819 0.7871 0.7817 0.9426 0.0859 0.2564 0.6223 0.7289 0.4354 0.4756 0.1860 0.9948 0.7328 0.3738 0.8088 0.9697 0.8975 0.9391 0.5458 0.3908 0.0603 0.4348 0.7904 0.1616 0.0913 0.2556 0.3632 0.0786 0.3463 0.0340 0.0634 0.6238 0.4941 0.4111 0.4843 0.7711 0.7817 0.0011
47 47
16.1295
0.8398 0.7196 0.8392 0.2871 0.6302 0.9640 0.3232 0.3154 0.5746 0.7102 0.9454 0.9489 0.6673 0.6395 0.5866 0.1888 0.8859 0.8726 0.6365 0.1163 0.4794 0.2750 0.7822 0.7131 0.4351 0.0882 0.4995 0.2983 0.3018 0.6545 0.0679 0.7655 0.5186 0.0335 0.3821 0.2701 0.1980 0.9256 0.8577 0.3784 0.9235 0.2922 0.3259 0.6295 0.7512 0.6796 0.2526
46 46
16.7951
0.5426 0.1441 0.0647 0.0743 0.2125 0.9234 0.9528 0.3736 0.3430 0.8355 0.2661 0.3502 0.0169 0.7267 0.4714 0.2975 0.4438 0.4011 0.2104 0.5927 0.6279 0.4888 0.4377 0.1350 0.1114 0.4433 0.7710 0.8944 0.3285 0.3967 0.5201 0.0824 0.9469 0.9947 0.2992 0.1402 0.6205 0.8387 0.0147 0.1933 0.0714 0.8615 0.7579 0.9479 0.8669 0.9064
48 48
23.2524
0.1123 0.3518 0.7290 0.9852 0.9647 0.8656 0.7897 0.1707 0.7886 0.5972 0.5551 0.7366 0.7853 0.0074 0.5906 0.0175 0.4620 0.1835 0.1962 0.1276 0.3692 0.8146 0.2350 0.4278 0.0892 0.8580 0.5517 0.8498 0.4482 0.7931 0.7785 0.4320 0.4221 0.0296 0.9011 0.1331 0.1539 0.7315 0.7812 0.7684 0.2628 0.8103 0.0151 0.2594 0.5566 0.4129 0.0244 0.8887
50 50
20.6004
0.9206 0.6803 0.6401 0.6184 0.7013 0.7948 0.2924 0.3527 0.2015 0.5474 0.5211 0.7382 0.7974 0.3509 0.1642 0.1920 0.4178 0.5343 0.3941 0.1956 0.9961 0.7959 0.0297 0.0284 0.2376 0.5401 0.0684 0.8485 0.3469 0.4619 0.4630 0.1726 0.3897 0.2155 0.6707 0.0737 0.4752 0.0578 0.7377 0.1976 0.0850 0.3382 0.7019 0.0145 0.5356 0.6548 0.6986 0.4264 0.3881 0.5994
47 47
18.2529
0.5673 0.0129 0.5012 0.5519 0.3392 0.1050 0.4592 0.2271 0.0849 0.3121 0.1845 0.8053 0.8792 0.3566 0.1348 0.1798 0.4626 0.8705 0.6105 0.0289 0.4033 0.5142 0.2673 0.4176 0.4219 0.7437 0.2754 0.0407 0.1348 0.4759 0.5364 0.3330 0.2794 0.4250 0.0999 0.8928 0.9706 0.6874 0.7453 0.5578 0.4876 0.3738 0.7005 0.8145 0.9167 0.6733 0.7054
47 47
15.6662
0.8243 0.6889 0.0730 0.6250 0.2494 0.2533 0.7623 0.7227 0.9043 0.5109 0.1079 0.6880 0.9036 0.8573 0.9280 0.4117 0.1107 0.5274 0.7889 0.0195 0.9689 0.9045 0.6891 0.0460 0.2513 0.5737 0.9166 0.7135 0.0726 0.1420 0.9630 0.1489 0.7338 0.3457 0.1732 0.8249 0.8575 0.4421 0.7168 0.5869 0.7461 0.7583 0.0602 0.3463 0.7759 0.7779 0.7622
50 50
0.0050
0.9999 0.9999 0.9999 0.9999 0.9999 0.9999 0.9999 0.9999 0.9999 0.9999 0.9999 0.9999 0.9999 0.9999 0.9999 0.9999 0.9999 0.9999 0.9999 0.9999 0.9999 0.9999 0.9999 0.9999 0.9999 0.9999 0.9999 0.9999 0.9999 0.9999 0.9999 0.9999 0.9999 0.9999 0.9999 0.9999 0.9999 0.9999 0.9999 0.9999 0.9999 0.9999 0.9999 0.9999 0.9999 0.9999 0.9999 0.9999 0.9999 0.9999
46 46
18.3139
0.7245 0.3765 0.5824 0.9589 0.6879 0.7149 0.7105 0.6875 0.5452 0.6333 0.7118 0.0644 0.3291 0.8586 0.5811 0.6653 0.7340 0.1473 0.2955 0.8057 0.9821 0.0511 0.5906 0.0023 0.5348 0.5177 0.1801 0.5301 0.2457 0.6243 0.1724 0.8601 0.0791 0.3039 0.9128 0.7615 0.7855 0.1496 0.4885 0.9479 0.7104 0.2206 0.7371 0.0624 0.3565 0.3568
