41124
1286532
1254867
1387350
342204
706352
81759
19608
2262445
117669
1923952
274320
1735505
1475534
1692335
179908
68384
247284
480604
198668
781179
770609
3784845
756088
231962
98004
220620
-148800
354630
516896
625405
67402
878228
629450
65031
323442
1417795
350282
846184
62982
294848
140996
84788
257390
860364
1016545
3271396
803095
109206
636994
83516
569145
344872
323748
3029180
113002
1031067
27318
411920
-25352
86187
2289285
365859
36972
1035855
543580
3361010
2695840
1176330
51542
334800
17420
41722
52152
1602906
1247810
659150
3388675
1230495
7762
1814010
1578819
461790
186604
-10996
1109915
177455
1523435
166604
1439970
46537
371892
465342
1730018
314190
1310835
291645
2710400
112735
1094445
